0 0.0: 355039.0 77642.0 579.0 6619572.0 8038482.0 709770.0 200563.0 1.30773778E8 1382941.0 2.624712E7 8.131188E7 
1 0.0: 335327.0 70537.0 534.0 6554121.0 7982702.0 709770.0 158571.0 1.30103916E8 1377662.0 2.6216783E7 7.9073264E7 
2 0.0: 309763.0 70287.0 534.0 6525273.0 6813606.0 709770.0 158571.0 1.29225907E8 1354350.0 2.6171067E7 7.5816919E7 
3 0.0: 281943.0 68343.0 534.0 6445397.0 6606840.0 709770.0 158571.0 1.29153487E8 1156917.0 2.5137931E7 7.2706549E7 
4 0.0: 281073.0 67563.0 534.0 6445397.0 5788602.0 709770.0 158571.0 1.26826324E8 1074229.0 2.4273168E7 7.1004133E7 
5 0.0: 257831.0 66726.0 534.0 6326577.0 5452322.0 709770.0 158571.0 1.25209643E8 1058176.0 2.3612975E7 7.0801953E7 
6 0.0: 226777.0 55928.0 534.0 6295630.0 5294262.0 709770.0 158571.0 1.21595054E8 1035926.0 2.3347463E7 7.0615078E7 
7 0.0: 224785.0 55928.0 534.0 6295630.0 5281610.0 709770.0 158571.0 1.18271257E8 1035926.0 2.246886E7 6.8513566E7 
8 0.0: 222323.0 55928.0 534.0 6295630.0 5273224.0 709770.0 158571.0 1.1659017E8 1035926.0 2.1872428E7 6.744338E7 
9 0.0: 196207.0 55928.0 534.0 6295630.0 5091094.0 709770.0 158571.0 1.16423878E8 1035926.0 2.1409702E7 6.5831278E7 
10 0.0: 196207.0 55928.0 534.0 6295630.0 5039876.0 709770.0 158571.0 1.16383337E8 1035926.0 1.8813458E7 6.4725742E7 
11 0.0: 196207.0 55928.0 534.0 6295630.0 4384812.0 709770.0 158571.0 1.16315087E8 1035926.0 1.7854897E7 6.4630951E7 
12 0.0: 196207.0 55928.0 534.0 6295630.0 4384812.0 709770.0 158571.0 1.14186118E8 1035926.0 1.7557204E7 6.461032E7 
13 0.0: 196207.0 55928.0 534.0 6295630.0 4384812.0 709770.0 158571.0 1.13648971E8 1035926.0 1.7008407E7 6.2769412E7 
14 0.0: 196207.0 55928.0 534.0 6295630.0 4384812.0 709770.0 158571.0 1.13014243E8 1035926.0 1.6958422E7 6.1929849E7 
15 0.0: 196207.0 55928.0 534.0 6295630.0 4384812.0 709770.0 158571.0 1.12850366E8 1035926.0 1.6935549E7 6.1176055E7 
16 0.0: 196207.0 55928.0 534.0 6295630.0 4384812.0 709770.0 158571.0 1.1187038E8 1035926.0 1.6833453E7 5.9075475E7 
17 0.0: 196207.0 55928.0 534.0 6295630.0 4384812.0 709770.0 158571.0 1.07848677E8 1035926.0 1.6692137E7 5.8542396E7 
18 0.0: 196207.0 55928.0 534.0 6295630.0 4384812.0 709770.0 158571.0 1.07260826E8 1035926.0 1.6640194E7 5.8262154E7 
19 0.0: 196207.0 55928.0 534.0 6295630.0 4298218.0 709770.0 158571.0 1.05266887E8 987554.0 1.6640194E7 5.7753014E7 
20 0.0: 196207.0 55928.0 534.0 6295630.0 4266962.0 709770.0 158571.0 1.0309123E8 987554.0 1.6640194E7 5.7296659E7 
21 0.0: 196207.0 55928.0 534.0 6295630.0 4263148.0 709770.0 158571.0 9.6400452E7 987554.0 1.6640194E7 5.4541808E7 
22 0.0: 196207.0 55928.0 534.0 6295630.0 4263148.0 709770.0 158571.0 9.6357358E7 987554.0 1.6640194E7 4.8910804E7 
23 0.0: 196207.0 55928.0 534.0 6295630.0 4263148.0 709770.0 158571.0 9.633138E7 987554.0 1.6640194E7 4.8564183E7 
24 0.0: 196207.0 55928.0 534.0 6295630.0 4263148.0 709770.0 158571.0 9.2164675E7 987554.0 1.6640194E7 4.847709E7 
25 0.0: 196207.0 55928.0 534.0 6295630.0 4263148.0 709770.0 158571.0 9.007157E7 987554.0 1.6640194E7 4.8203336E7 
26 0.0: 196207.0 55928.0 534.0 6295630.0 4263148.0 709770.0 158571.0 8.993209E7 987554.0 1.6640194E7 4.8179435E7 
27 0.0: 196207.0 55928.0 534.0 6295630.0 4263148.0 709770.0 158571.0 8.9846913E7 987554.0 1.6640194E7 4.8039065E7 
28 0.0: 196207.0 55928.0 534.0 6295630.0 4263148.0 709770.0 158571.0 8.8124623E7 987554.0 1.6640194E7 4.7762816E7 
29 0.0: 196207.0 55928.0 534.0 6295630.0 4263148.0 709770.0 158571.0 8.6713142E7 987554.0 1.6640194E7 4.7517302E7 
30 0.0: 196207.0 55928.0 534.0 6295630.0 4263148.0 709770.0 158571.0 8.6462681E7 987554.0 1.6640194E7 4.7311852E7 
31 0.0: 196207.0 55928.0 534.0 6295630.0 4263148.0 709770.0 158571.0 8.4812927E7 987554.0 1.6640194E7 4.7282311E7 
32 0.0: 196207.0 55928.0 534.0 6295630.0 4263148.0 708090.0 158571.0 8.4698761E7 987554.0 1.6640194E7 4.5303592E7 
33 0.0: 196207.0 55928.0 534.0 6295630.0 4263148.0 708090.0 158571.0 8.3030112E7 987554.0 1.6640194E7 4.3882882E7 
34 0.0: 196207.0 55928.0 534.0 6295630.0 4263148.0 708090.0 158571.0 7.9704536E7 987554.0 1.6640194E7 4.2222666E7 
35 0.0: 196207.0 55928.0 534.0 6295630.0 4263148.0 708090.0 158571.0 7.9613583E7 987554.0 1.6640194E7 4.2146112E7 
36 0.0: 196207.0 55928.0 534.0 6295630.0 4263148.0 708090.0 158571.0 7.3224365E7 987554.0 1.6640194E7 4.2019406E7 
37 0.0: 196207.0 55928.0 534.0 6295630.0 4263148.0 708090.0 158571.0 7.3175833E7 987554.0 1.6640194E7 4.2019406E7 
38 0.0: 196207.0 55928.0 534.0 6295630.0 4263148.0 708090.0 158571.0 7.2861654E7 987554.0 1.6640194E7 4.2019406E7 
39 0.0: 196207.0 55928.0 534.0 6295630.0 4263148.0 708090.0 158571.0 7.2670467E7 987554.0 1.6640194E7 4.2019406E7 
40 0.0: 196207.0 55928.0 534.0 5815761.0 4263148.0 708090.0 158571.0 7.2619972E7 987554.0 1.6640194E7 4.2019406E7 
41 0.0: 196207.0 55928.0 534.0 5795131.0 4263148.0 708090.0 158571.0 7.1755796E7 987554.0 1.6640194E7 4.2019406E7 
42 0.0: 196207.0 55928.0 534.0 5549469.0 4263148.0 708090.0 158571.0 7.1551153E7 987554.0 1.6640194E7 4.2019406E7 
43 0.0: 196207.0 55928.0 534.0 5492693.0 4263148.0 708090.0 158571.0 7.142767E7 987554.0 1.6640194E7 4.2019406E7 
44 0.0: 196207.0 55928.0 534.0 5492693.0 4263148.0 708090.0 158571.0 7.1304037E7 987554.0 1.6640194E7 4.2019406E7 
45 0.0: 196207.0 55928.0 534.0 5421567.0 4263148.0 708090.0 158571.0 7.1118682E7 987554.0 1.6640194E7 4.2019406E7 
46 0.0: 196207.0 55928.0 534.0 5421567.0 4263148.0 708090.0 158571.0 7.0834431E7 987554.0 1.6640194E7 4.2019406E7 
47 0.0: 196207.0 55928.0 534.0 5421567.0 4263148.0 708090.0 158571.0 7.0749729E7 987554.0 1.6640194E7 4.2019406E7 
48 0.0: 196207.0 55928.0 534.0 5421567.0 4263148.0 708090.0 158571.0 7.071404E7 987554.0 1.6640194E7 4.2019406E7 
49 0.0: 196207.0 55928.0 534.0 5421567.0 4263148.0 708090.0 158571.0 7.0668342E7 987554.0 1.6640194E7 4.2019406E7 
50 0.0: 196207.0 55928.0 534.0 5421567.0 4263148.0 708090.0 158571.0 7.0407068E7 987554.0 1.6640194E7 4.2019406E7 
51 0.0: 196207.0 55928.0 534.0 5421567.0 4263148.0 708090.0 158571.0 7.0322555E7 987554.0 1.6640194E7 4.2019406E7 
52 0.0: 196207.0 55928.0 534.0 5421567.0 4263148.0 708090.0 158571.0 6.956576E7 987554.0 1.6640194E7 4.2019406E7 
53 0.0: 196207.0 55928.0 534.0 5421567.0 4263148.0 708090.0 158571.0 6.9320594E7 987554.0 1.6640194E7 4.2019406E7 
54 0.0: 196207.0 55832.0 534.0 5421567.0 4263148.0 708090.0 158571.0 6.795331E7 987554.0 1.6640194E7 4.2019406E7 
55 0.0: 196207.0 55832.0 534.0 5421567.0 4263148.0 708090.0 158571.0 6.6511053E7 987554.0 1.6640194E7 4.2019406E7 
56 0.0: 196207.0 55832.0 534.0 5421567.0 4263148.0 708090.0 158571.0 6.6424624E7 987554.0 1.6640194E7 4.2019406E7 
57 0.0: 196207.0 55832.0 534.0 5421567.0 4263148.0 708090.0 158571.0 6.6326823E7 987554.0 1.6640194E7 4.2019406E7 
58 0.0: 196207.0 55832.0 534.0 5421567.0 4263148.0 708090.0 158571.0 6.5995853E7 987554.0 1.6640194E7 4.2019406E7 
59 0.0: 196207.0 55832.0 534.0 5421567.0 4263148.0 708090.0 158571.0 6.540475E7 987554.0 1.6640194E7 4.2019406E7 
60 0.0: 196207.0 55832.0 534.0 5421567.0 4263148.0 708090.0 158571.0 6.53411E7 987554.0 1.6640194E7 4.2019406E7 
61 0.0: 188341.0 55832.0 534.0 5421567.0 4263148.0 708090.0 158571.0 6.4872646E7 987554.0 1.6640194E7 4.2019406E7 
62 0.0: 188341.0 55832.0 534.0 5421567.0 4263148.0 708090.0 158571.0 6.4581985E7 987554.0 1.6640194E7 4.2019406E7 
63 0.0: 188341.0 54704.0 534.0 5421567.0 4263148.0 708090.0 158571.0 6.4086421E7 987554.0 1.6640194E7 4.2019406E7 
64 0.0: 188341.0 54704.0 534.0 5421567.0 4263148.0 708090.0 158571.0 6.4080366E7 987554.0 1.6640194E7 4.2019406E7 
65 0.0: 188341.0 54704.0 534.0 5421567.0 4263148.0 708090.0 158571.0 6.3193545E7 987554.0 1.6640194E7 4.2019406E7 
66 0.0: 188341.0 54704.0 534.0 5421567.0 4263148.0 708090.0 158571.0 6.3172517E7 987554.0 1.6640194E7 4.2019406E7 
67 0.0: 188341.0 54704.0 534.0 5421567.0 4263148.0 708090.0 158571.0 6.26937E7 987554.0 1.6640194E7 4.2019406E7 
68 0.0: 188341.0 54704.0 534.0 5421567.0 4263148.0 708090.0 158571.0 6.2413321E7 987554.0 1.6640194E7 4.2019406E7 
69 0.0: 188341.0 54704.0 534.0 5421567.0 4263148.0 708090.0 158571.0 6.2385861E7 987554.0 1.6640194E7 4.2019406E7 
70 0.0: 188341.0 54704.0 534.0 5274014.0 4263148.0 708090.0 158571.0 6.2385861E7 987554.0 1.6640194E7 4.2019406E7 
71 0.0: 188341.0 54704.0 534.0 4940299.0 4263148.0 708090.0 158571.0 6.2128033E7 987554.0 1.6640194E7 4.2019406E7 
72 0.0: 188341.0 54704.0 534.0 4910949.0 4263148.0 708090.0 158571.0 6.2126275E7 987554.0 1.6640194E7 4.2019406E7 
73 0.0: 188341.0 54704.0 534.0 4910949.0 4263148.0 708090.0 158571.0 6.2126275E7 987554.0 1.6640194E7 4.2019406E7 
74 0.0: 188341.0 54704.0 534.0 4910949.0 4263148.0 708090.0 158571.0 6.2126275E7 987554.0 1.6640194E7 4.2019406E7 
75 0.0: 188341.0 54704.0 534.0 4910949.0 4263148.0 708090.0 158571.0 6.2126275E7 987554.0 1.6640194E7 4.2019406E7 
76 0.0: 188341.0 54704.0 534.0 4910949.0 4263148.0 708090.0 158571.0 6.2126275E7 987554.0 1.6640194E7 4.2019406E7 
77 0.0: 188341.0 54704.0 534.0 4910949.0 4263148.0 708090.0 158571.0 6.2126275E7 987554.0 1.6640194E7 4.2019406E7 
78 0.0: 188341.0 54704.0 534.0 4910949.0 4263148.0 708090.0 158571.0 6.2126275E7 987554.0 1.6640194E7 4.181153E7 
79 0.0: 188341.0 54704.0 534.0 4910949.0 4263148.0 708090.0 158571.0 6.2126275E7 987554.0 1.6640194E7 4.1786122E7 
80 0.0: 188341.0 54704.0 534.0 4910949.0 4263148.0 708090.0 158571.0 6.2126275E7 987554.0 1.5828828E7 4.1740414E7 
81 0.0: 188341.0 54704.0 534.0 4910949.0 4263148.0 708090.0 158571.0 6.2126275E7 987554.0 1.5828828E7 4.1740414E7 
82 0.0: 188341.0 54704.0 534.0 4910949.0 4263148.0 708090.0 158571.0 6.2126275E7 987554.0 1.5828828E7 4.1740414E7 
83 0.0: 188341.0 54704.0 534.0 4910949.0 4263148.0 708090.0 158571.0 6.2126275E7 987554.0 1.5828828E7 4.1740414E7 
84 0.0: 188341.0 54704.0 534.0 4910949.0 4263148.0 708090.0 158571.0 6.2126275E7 987554.0 1.5828828E7 4.1740414E7 
85 0.0: 188341.0 54704.0 534.0 4910949.0 4263148.0 708090.0 158571.0 6.2126275E7 987554.0 1.5828828E7 4.1740414E7 
86 0.0: 188341.0 54704.0 534.0 4910949.0 4263148.0 708090.0 158571.0 6.0555386E7 987554.0 1.5828828E7 4.1740414E7 
87 0.0: 188341.0 54704.0 534.0 4910949.0 4263148.0 708090.0 158571.0 5.964894E7 987554.0 1.5828828E7 4.1740414E7 
88 0.0: 188341.0 54704.0 534.0 4910949.0 4263148.0 708090.0 158571.0 5.964894E7 987554.0 1.5828828E7 4.1740414E7 
89 0.0: 188341.0 54704.0 534.0 4910949.0 4263148.0 708090.0 158571.0 5.964894E7 987554.0 1.5828828E7 4.1740414E7 
90 0.0: 188341.0 54704.0 534.0 4910949.0 4263148.0 708090.0 158571.0 5.964894E7 987554.0 1.5828828E7 4.1740414E7 
91 0.0: 188341.0 54704.0 534.0 4910949.0 4263148.0 708090.0 158571.0 5.964894E7 987554.0 1.5828828E7 4.1740414E7 
92 0.0: 188341.0 54704.0 534.0 4910949.0 4263148.0 708090.0 158571.0 5.964894E7 987554.0 1.5828828E7 4.1740414E7 
93 0.0: 188341.0 54704.0 534.0 4910949.0 4263148.0 708090.0 158571.0 5.964894E7 987554.0 1.5828828E7 4.1740414E7 
94 0.0: 188341.0 54704.0 534.0 4910949.0 4263148.0 708090.0 158571.0 5.964894E7 987554.0 1.5828828E7 4.1740414E7 
95 0.0: 188341.0 54704.0 534.0 4910949.0 4263148.0 708090.0 158571.0 5.964894E7 987554.0 1.5828828E7 4.1740414E7 
96 0.0: 188341.0 54704.0 534.0 4910949.0 4263148.0 708090.0 158571.0 5.964894E7 987554.0 1.5828828E7 4.1740414E7 
97 0.0: 188341.0 54704.0 534.0 4910949.0 4263148.0 708090.0 158571.0 5.964894E7 987554.0 1.5828828E7 4.1740414E7 
98 0.0: 188341.0 54704.0 534.0 4910949.0 4263148.0 708090.0 158571.0 5.964894E7 987554.0 1.5828828E7 4.1740414E7 
99 0.0: 188341.0 54704.0 534.0 4910949.0 4263148.0 708090.0 158571.0 5.964894E7 987554.0 1.5828828E7 4.1740414E7 
100 0.0: 188341.0 54704.0 534.0 4910949.0 4263148.0 708090.0 158571.0 5.964894E7 987554.0 1.5828828E7 4.1740414E7 
101 0.0: 188341.0 54704.0 534.0 4910949.0 4263148.0 708090.0 158571.0 5.964894E7 987554.0 1.5828828E7 4.1740414E7 
102 0.0: 188341.0 54704.0 534.0 4910949.0 4263148.0 708090.0 158571.0 5.964894E7 987554.0 1.5828828E7 4.1740414E7 
103 0.0: 188341.0 54704.0 534.0 4910949.0 4263148.0 708090.0 158571.0 5.964894E7 987554.0 1.5828828E7 4.1740414E7 
104 0.0: 188341.0 54704.0 534.0 4910949.0 4263148.0 708090.0 158571.0 5.964894E7 987554.0 1.5828828E7 4.1740414E7 
105 0.0: 188341.0 54704.0 534.0 4910949.0 4263148.0 708090.0 158571.0 5.964894E7 987554.0 1.5828828E7 4.1740414E7 
106 0.0: 188341.0 54704.0 534.0 4910949.0 4263148.0 708090.0 158571.0 5.964894E7 987554.0 1.5828828E7 4.1740414E7 
107 0.0: 188341.0 54704.0 534.0 4910949.0 4263148.0 708090.0 158571.0 5.964894E7 987554.0 1.5828828E7 4.1740414E7 
108 0.0: 188341.0 54704.0 534.0 4910949.0 4263148.0 708090.0 158571.0 5.964894E7 987554.0 1.5828828E7 4.1740414E7 
109 0.0: 188341.0 54704.0 534.0 4910949.0 4263148.0 708090.0 158571.0 5.964894E7 987554.0 1.5828828E7 4.1740414E7 
110 0.0: 188341.0 54704.0 534.0 4910949.0 4263148.0 708090.0 158571.0 5.964894E7 987554.0 1.5828828E7 4.1740414E7 
Thoi gian chay: 446.13 giay
