0 0.0: 355211.0 75366.0 614.0 6554976.0 7553440.0 709770.0 166698.0 1.61367162E8 1548069.0 2.3745142E7 7.983877E7 
1 0.0: 310743.0 75366.0 586.0 6552932.0 7549940.0 709770.0 151964.0 1.61329065E8 1416168.0 2.3097659E7 7.3343598E7 
2 0.0: 300099.0 74723.0 586.0 5536259.0 7078602.0 709770.0 151964.0 1.59428814E8 1404946.0 2.2967933E7 7.2177691E7 
3 0.0: 281559.0 70985.0 586.0 5408446.0 6415796.0 693180.0 151964.0 1.53177387E8 953811.0 2.2321256E7 7.1780142E7 
4 0.0: 272729.0 65939.0 586.0 5408446.0 6385888.0 693180.0 151964.0 1.52220641E8 953811.0 2.0876886E7 6.9875003E7 
5 0.0: 249315.0 63703.0 586.0 5408446.0 5718236.0 693180.0 151964.0 1.43203351E8 953811.0 2.0131378E7 6.9804875E7 
6 0.0: 244383.0 62023.0 586.0 5408446.0 5507436.0 693180.0 151964.0 1.41431727E8 953811.0 2.0122174E7 6.7546211E7 
7 0.0: 228769.0 62023.0 586.0 5408446.0 5394758.0 693180.0 151964.0 1.37015931E8 953811.0 1.8993169E7 6.6542795E7 
8 0.0: 219747.0 62023.0 586.0 5408446.0 5392466.0 693180.0 151964.0 1.31420294E8 953811.0 1.8665313E7 6.574963E7 
9 0.0: 207941.0 62023.0 586.0 5408446.0 5392466.0 693180.0 151964.0 1.31332956E8 953811.0 1.8395405E7 6.5063341E7 
10 0.0: 205913.0 61005.0 586.0 5408446.0 5392466.0 693180.0 151964.0 1.29495823E8 953811.0 1.7450433E7 6.4722758E7 
11 0.0: 202867.0 59493.0 586.0 5408446.0 5392466.0 693180.0 151964.0 1.29462819E8 953811.0 1.7342781E7 6.3842406E7 
12 0.0: 202827.0 58469.0 586.0 5408446.0 5392466.0 693180.0 151964.0 1.28302376E8 953811.0 1.6401126E7 6.3014307E7 
13 0.0: 187825.0 58469.0 586.0 5408446.0 5392466.0 693180.0 151964.0 1.26787837E8 953811.0 1.6293474E7 6.2895481E7 
14 0.0: 179069.0 58469.0 586.0 5408446.0 5392466.0 693180.0 151964.0 1.23708985E8 953811.0 1.5435518E7 6.0501114E7 
15 0.0: 179069.0 58469.0 586.0 5408446.0 5392466.0 693180.0 151964.0 1.16559361E8 953811.0 1.5395303E7 6.0190621E7 
16 0.0: 179069.0 56870.0 586.0 5408446.0 5392466.0 693180.0 151964.0 1.07661562E8 953811.0 1.529343E7 5.6657637E7 
17 0.0: 179069.0 55430.0 586.0 4961147.0 5392466.0 693180.0 151964.0 1.04628241E8 953811.0 1.5108758E7 5.4944342E7 
18 0.0: 179069.0 55385.0 586.0 4961147.0 5364424.0 693180.0 151964.0 1.00600581E8 953811.0 1.5065236E7 5.4774239E7 
19 0.0: 179069.0 55385.0 586.0 4961147.0 5195944.0 693180.0 151964.0 1.00458927E8 953811.0 1.4153523E7 5.2919414E7 
20 0.0: 179069.0 55385.0 586.0 4961147.0 5043726.0 693180.0 151964.0 1.00336919E8 953811.0 1.3488301E7 5.2219999E7 
21 0.0: 179069.0 55385.0 586.0 4961147.0 5043726.0 693180.0 151964.0 1.00182199E8 953811.0 1.2742798E7 5.1605378E7 
22 0.0: 179069.0 55385.0 586.0 4961147.0 5043726.0 693180.0 151964.0 9.8543558E7 953811.0 1.2705016E7 5.1266338E7 
23 0.0: 179069.0 53797.0 586.0 4961147.0 5043726.0 693180.0 151964.0 9.834902E7 953811.0 1.2705016E7 5.1222676E7 
24 0.0: 179069.0 53531.0 586.0 4961147.0 5043726.0 693180.0 151964.0 9.8311366E7 953811.0 1.2705016E7 4.8105879E7 
25 0.0: 179069.0 49267.0 586.0 4961147.0 5043726.0 693180.0 151964.0 9.7790791E7 953811.0 1.2705016E7 4.7760367E7 
26 0.0: 179069.0 49051.0 586.0 4961147.0 5043726.0 693180.0 151964.0 9.7080296E7 953811.0 1.2705016E7 4.7599858E7 
27 0.0: 179069.0 48795.0 586.0 4961147.0 5043726.0 693180.0 151964.0 9.6893194E7 953811.0 1.2705016E7 4.7560445E7 
28 0.0: 179069.0 48795.0 586.0 4961147.0 5043726.0 693180.0 151964.0 9.6100215E7 953811.0 1.2705016E7 4.6918666E7 
29 0.0: 179069.0 48795.0 586.0 4961147.0 5043726.0 693180.0 151964.0 9.5989041E7 953811.0 1.2705016E7 4.6870776E7 
30 0.0: 179069.0 48795.0 586.0 4961147.0 5043726.0 693180.0 151964.0 9.584428E7 953811.0 1.2705016E7 4.6743149E7 
31 0.0: 179069.0 48795.0 586.0 4961147.0 4743180.0 693180.0 151964.0 9.399258E7 953811.0 1.2705016E7 4.6537583E7 
32 0.0: 179069.0 48795.0 586.0 4961147.0 4735432.0 693180.0 151964.0 9.3404783E7 953811.0 1.2705016E7 4.6167793E7 
33 0.0: 179069.0 48795.0 586.0 4961147.0 4735432.0 693180.0 151964.0 9.1881575E7 953811.0 1.2091245E7 4.5892706E7 
34 0.0: 179069.0 48795.0 586.0 4961147.0 4735432.0 693180.0 151964.0 9.1157068E7 953811.0 1.2091245E7 4.5293964E7 
35 0.0: 179069.0 48795.0 586.0 4961147.0 4735432.0 693180.0 151964.0 9.0396228E7 953811.0 1.2091245E7 4.4939305E7 
36 0.0: 179069.0 48795.0 586.0 4961147.0 4735432.0 693180.0 151964.0 8.9166412E7 953811.0 1.2091245E7 4.4257935E7 
37 0.0: 179069.0 48795.0 586.0 4961147.0 4735432.0 693180.0 151964.0 8.8995947E7 953811.0 1.2091245E7 4.3917165E7 
38 0.0: 179069.0 48795.0 586.0 4961147.0 4735432.0 693180.0 151964.0 8.8987035E7 953811.0 1.2091245E7 4.3853822E7 
39 0.0: 179069.0 48795.0 586.0 4961147.0 4735432.0 693180.0 151964.0 8.6458715E7 953811.0 1.2091245E7 4.3853822E7 
40 0.0: 179069.0 48795.0 586.0 4961147.0 4735432.0 693180.0 151964.0 8.6222311E7 953811.0 1.2091245E7 4.3853822E7 
41 0.0: 179069.0 48795.0 586.0 4961147.0 4735432.0 693180.0 151964.0 8.3729688E7 953811.0 1.2091245E7 4.3853822E7 
42 0.0: 179069.0 48795.0 586.0 4961147.0 4735432.0 693180.0 151964.0 8.0217017E7 953811.0 1.2091245E7 4.3853822E7 
43 0.0: 179069.0 48795.0 586.0 4961147.0 4735432.0 693180.0 151964.0 7.9637589E7 953811.0 1.2091245E7 4.3853822E7 
44 0.0: 179069.0 48795.0 586.0 4961147.0 4735432.0 693180.0 151964.0 7.9234208E7 953811.0 1.2091245E7 4.3853822E7 
45 0.0: 179069.0 48795.0 586.0 4961147.0 4735432.0 693180.0 151964.0 7.8885515E7 953811.0 1.2091245E7 4.3853822E7 
46 0.0: 179069.0 48795.0 586.0 4961147.0 4735432.0 693180.0 151964.0 7.8647076E7 953811.0 1.2091245E7 4.3853822E7 
47 0.0: 179069.0 48795.0 586.0 4961147.0 4735432.0 693180.0 151964.0 7.8281754E7 953811.0 1.2091245E7 4.3853822E7 
48 0.0: 179069.0 48795.0 586.0 4961147.0 4735432.0 693180.0 151964.0 7.7926618E7 953811.0 1.2091245E7 4.3853822E7 
49 0.0: 179069.0 48795.0 586.0 4961147.0 4735432.0 693180.0 151964.0 7.768003E7 953811.0 1.2091245E7 4.3853822E7 
50 0.0: 179069.0 48795.0 586.0 4961147.0 4735432.0 693180.0 151964.0 7.7136641E7 953811.0 1.2091245E7 4.3853822E7 
51 0.0: 179069.0 48795.0 586.0 4961147.0 4735432.0 693180.0 151964.0 7.3152106E7 953811.0 1.2091245E7 4.3853822E7 
52 0.0: 179069.0 48795.0 586.0 4961147.0 4735432.0 693180.0 151964.0 7.3000824E7 953811.0 1.2091245E7 4.3853822E7 
53 0.0: 179069.0 48795.0 586.0 4961147.0 4735432.0 693180.0 151964.0 7.3000824E7 953811.0 1.2091245E7 4.3853822E7 
54 0.0: 179069.0 48795.0 586.0 4961147.0 4735432.0 693180.0 151964.0 7.3000824E7 953811.0 1.2091245E7 4.3853822E7 
55 0.0: 179069.0 47099.0 586.0 4961147.0 4735432.0 693180.0 151964.0 7.3000824E7 953811.0 1.2091245E7 4.3853822E7 
56 0.0: 179069.0 46433.0 586.0 4961147.0 4735432.0 693180.0 151964.0 7.3000824E7 953811.0 1.2091245E7 4.3853822E7 
57 0.0: 179069.0 46433.0 586.0 4961147.0 4735432.0 693180.0 151964.0 7.3000824E7 953811.0 1.2091245E7 4.3853822E7 
58 0.0: 179069.0 46433.0 586.0 4961147.0 4735432.0 693180.0 151964.0 7.3000824E7 953811.0 1.2091245E7 4.3853822E7 
59 0.0: 179069.0 46433.0 586.0 4961147.0 4735432.0 693180.0 151964.0 7.3000824E7 944144.0 1.2091245E7 4.3853822E7 
60 0.0: 179069.0 46433.0 586.0 4961147.0 4735432.0 693180.0 151964.0 7.3000824E7 860662.0 1.2091245E7 4.3853822E7 
61 0.0: 179069.0 46433.0 586.0 4961147.0 4735432.0 693180.0 151964.0 7.3000824E7 860662.0 1.2091245E7 4.3853822E7 
62 0.0: 179069.0 46433.0 586.0 4961147.0 4735432.0 693180.0 151964.0 7.3000824E7 860662.0 1.2091245E7 4.3853822E7 
63 0.0: 179069.0 46433.0 586.0 4961147.0 4735432.0 693180.0 151964.0 7.3000824E7 860662.0 1.2091245E7 4.3853822E7 
64 0.0: 179069.0 46433.0 586.0 4961147.0 4735432.0 693180.0 151964.0 7.3000824E7 860662.0 1.2091245E7 4.3853822E7 
65 0.0: 179069.0 46433.0 586.0 4961147.0 4735432.0 693180.0 151964.0 7.3000824E7 860662.0 1.2091245E7 4.3853822E7 
66 0.0: 179069.0 46433.0 586.0 4961147.0 4735432.0 693180.0 151964.0 7.3000824E7 860662.0 1.2091245E7 4.3853822E7 
67 0.0: 179069.0 46433.0 586.0 4961147.0 4735432.0 693180.0 151964.0 7.3000824E7 860662.0 1.2091245E7 4.3853822E7 
68 0.0: 179069.0 46433.0 586.0 4961147.0 4735432.0 693180.0 151964.0 7.2836376E7 860662.0 1.2091245E7 4.3853822E7 
69 0.0: 179069.0 46433.0 586.0 4961147.0 4735432.0 693180.0 151964.0 6.7992359E7 860662.0 1.2091245E7 4.3853822E7 
70 0.0: 179069.0 46433.0 586.0 4961147.0 4735432.0 693180.0 151964.0 6.738163E7 860662.0 1.2091245E7 4.3853822E7 
71 0.0: 179069.0 46433.0 586.0 4961147.0 4735432.0 693180.0 151964.0 6.7018388E7 860662.0 1.2091245E7 4.3853822E7 
72 0.0: 179069.0 46433.0 586.0 4961147.0 4735432.0 693180.0 151964.0 6.6984102E7 860662.0 1.2091245E7 4.3853822E7 
73 0.0: 179069.0 46433.0 586.0 4961147.0 4735432.0 693180.0 151964.0 6.6970999E7 860662.0 1.2091245E7 4.3853822E7 
74 0.0: 179069.0 46433.0 586.0 4961147.0 4735432.0 693180.0 151964.0 6.5195659E7 860662.0 1.2091245E7 4.3853822E7 
75 0.0: 179069.0 46433.0 586.0 4961147.0 4735432.0 693180.0 151964.0 6.3683592E7 860662.0 1.2091245E7 4.3853822E7 
76 0.0: 179069.0 46433.0 586.0 4961147.0 4735432.0 693180.0 151964.0 6.3676483E7 860662.0 1.2091245E7 4.3853822E7 
77 0.0: 179069.0 46433.0 586.0 4961147.0 4735432.0 693180.0 151964.0 6.3676483E7 860662.0 1.2091245E7 4.3853822E7 
78 0.0: 179069.0 46433.0 586.0 4961147.0 4735432.0 693180.0 151964.0 6.3676483E7 860662.0 1.2091245E7 4.3853822E7 
79 0.0: 179069.0 46433.0 586.0 4961147.0 4735432.0 693180.0 151964.0 6.3676483E7 860662.0 1.2091245E7 4.3853822E7 
80 0.0: 179069.0 46433.0 586.0 4961147.0 4735432.0 693180.0 151964.0 6.3676483E7 860662.0 1.2091245E7 4.3853822E7 
81 0.0: 179069.0 46433.0 586.0 4961147.0 4735432.0 693180.0 151964.0 6.3676483E7 860662.0 1.2091245E7 4.3853822E7 
82 0.0: 179069.0 46433.0 586.0 4961147.0 4735432.0 693180.0 151964.0 6.3676483E7 860662.0 1.2091245E7 4.3853822E7 
83 0.0: 179069.0 46433.0 586.0 4961147.0 4735432.0 693180.0 151964.0 6.3676483E7 860662.0 1.2091245E7 4.3853822E7 
84 0.0: 179069.0 46433.0 586.0 4961147.0 4735432.0 693180.0 151964.0 6.3676483E7 860662.0 1.2091245E7 4.3853822E7 
85 0.0: 179069.0 46433.0 586.0 4961147.0 4735432.0 693180.0 151964.0 6.3676483E7 860662.0 1.2091245E7 4.3853822E7 
86 0.0: 179069.0 46433.0 586.0 4961147.0 4735432.0 693180.0 151964.0 6.3676483E7 860662.0 1.2091245E7 4.3853822E7 
Thoi gian chay: 310.653 giay
