0 0.0: 402795.0 85647.0 640.0 6171551.0 7468008.0 709770.0 149634.0 1.5153656E8 1414535.0 2.4557619E7 8.0706E7 
1 0.0: 389591.0 84378.0 640.0 6135489.0 7459634.0 709770.0 143548.0 1.47242228E8 1363914.0 2.310515E7 7.6009245E7 
2 0.0: 334679.0 71980.0 640.0 6135489.0 7313934.0 709770.0 143548.0 1.44129825E8 1269101.0 2.1344811E7 7.2624778E7 
3 0.0: 299707.0 71972.0 640.0 5394588.0 6815024.0 709770.0 143548.0 1.43830626E8 1249063.0 2.1252933E7 6.7773095E7 
4 0.0: 266475.0 70693.0 640.0 5345801.0 6402926.0 709770.0 143548.0 1.42403324E8 903903.0 2.0855754E7 6.7534876E7 
5 0.0: 246753.0 66645.0 640.0 5345801.0 6361218.0 709770.0 143548.0 1.41145209E8 888212.0 2.0569099E7 6.6250109E7 
6 0.0: 231313.0 64913.0 640.0 5345801.0 6327298.0 709770.0 143548.0 1.41058791E8 888212.0 2.0351152E7 6.3984812E7 
7 0.0: 226945.0 62115.0 640.0 5345801.0 6322734.0 709770.0 143548.0 1.3890645E8 888212.0 1.9701767E7 6.21505E7 
8 0.0: 225149.0 60759.0 640.0 5345801.0 6252346.0 709770.0 143548.0 1.37293794E8 888212.0 1.9683256E7 6.1878496E7 
9 0.0: 225149.0 59783.0 640.0 5345801.0 6223954.0 709770.0 143548.0 1.29213335E8 888212.0 1.9555033E7 6.1188008E7 
10 0.0: 225149.0 58652.0 640.0 5345801.0 6195758.0 709770.0 143548.0 1.28744833E8 888212.0 1.945394E7 6.0860711E7 
11 0.0: 225149.0 58643.0 640.0 5345801.0 6176164.0 709770.0 143548.0 1.26057177E8 888212.0 1.9402757E7 5.9707267E7 
12 0.0: 225149.0 56429.0 640.0 5345801.0 5813034.0 709770.0 143548.0 1.24643358E8 888212.0 1.9004326E7 5.6622411E7 
13 0.0: 225149.0 56103.0 640.0 5345801.0 5616140.0 709770.0 143548.0 1.16008524E8 888212.0 1.9003248E7 5.6467804E7 
14 0.0: 225149.0 55556.0 640.0 5345801.0 5387108.0 709770.0 143548.0 1.11976872E8 888212.0 1.896544E7 5.5227956E7 
15 0.0: 225149.0 55486.0 640.0 5345801.0 4908470.0 709770.0 143548.0 1.09273445E8 888212.0 1.8908556E7 5.3999857E7 
16 0.0: 225149.0 55268.0 640.0 5345801.0 4862814.0 709770.0 143548.0 1.09050381E8 888212.0 1.8887188E7 5.3889337E7 
17 0.0: 225149.0 53421.0 640.0 5345801.0 4856172.0 709770.0 143548.0 1.08070679E8 888212.0 1.438757E7 5.2639789E7 
18 0.0: 225149.0 51730.0 640.0 5345801.0 4793584.0 709770.0 143548.0 1.07504722E8 888212.0 1.3759782E7 5.261728E7 
19 0.0: 225149.0 51626.0 640.0 5345801.0 4473316.0 709770.0 143548.0 1.07456783E8 888212.0 1.2863449E7 4.9010322E7 
20 0.0: 225149.0 50288.0 640.0 5345801.0 4473316.0 709770.0 143548.0 1.05182938E8 888212.0 1.1636316E7 4.8953474E7 
21 0.0: 225149.0 49482.0 640.0 5345801.0 4473316.0 709770.0 143548.0 1.04639763E8 888212.0 1.0901658E7 4.7499842E7 
22 0.0: 225149.0 49391.0 640.0 5345801.0 3806100.0 709770.0 143548.0 1.04079238E8 888212.0 1.0896184E7 4.7282041E7 
23 0.0: 225149.0 48395.0 640.0 5345801.0 3798658.0 709770.0 143548.0 1.03680771E8 888212.0 1.0755878E7 4.7270682E7 
24 0.0: 225149.0 48395.0 640.0 5345801.0 3798658.0 709770.0 143548.0 1.03629978E8 888212.0 1.0755878E7 4.5826458E7 
25 0.0: 225149.0 48395.0 640.0 5345801.0 3798658.0 709770.0 143548.0 1.03170792E8 888212.0 1.0755878E7 4.5820494E7 
26 0.0: 225149.0 47711.0 640.0 5345801.0 3798658.0 709770.0 143548.0 1.01566783E8 888212.0 1.0755878E7 4.5790657E7 
27 0.0: 225149.0 47326.0 640.0 4893613.0 3798658.0 709770.0 143548.0 1.00770651E8 888212.0 1.0755878E7 4.4585096E7 
28 0.0: 225149.0 47326.0 640.0 4887631.0 3798658.0 709770.0 143548.0 9.7519763E7 888212.0 1.0755878E7 4.4522714E7 
29 0.0: 225149.0 47326.0 640.0 4609058.0 3798658.0 709770.0 143548.0 9.7518904E7 888212.0 1.0755878E7 4.4476638E7 
30 0.0: 225149.0 47326.0 640.0 4576458.0 3798658.0 709770.0 143548.0 9.7507588E7 888212.0 1.0755878E7 4.298925E7 
31 0.0: 191799.0 47326.0 640.0 4367936.0 3798658.0 709770.0 143548.0 9.7499231E7 888212.0 1.0755878E7 4.2797758E7 
32 0.0: 168701.0 47326.0 640.0 4272131.0 3798658.0 709770.0 143548.0 9.6920293E7 888212.0 1.0755878E7 4.2082228E7 
33 0.0: 165237.0 47326.0 640.0 4189769.0 3798658.0 709770.0 143548.0 9.4301634E7 888212.0 1.0755878E7 4.1418954E7 
34 0.0: 165105.0 47326.0 640.0 4189769.0 3798658.0 709770.0 143548.0 9.3910666E7 888212.0 1.0755878E7 4.0421118E7 
35 0.0: 159491.0 47326.0 640.0 4189769.0 3798658.0 709770.0 143548.0 9.3709395E7 888212.0 1.0755878E7 3.9477775E7 
36 0.0: 153821.0 47326.0 640.0 4189769.0 3798658.0 709770.0 143548.0 9.2510266E7 888212.0 1.0755878E7 3.9135742E7 
37 0.0: 153821.0 47326.0 640.0 4189769.0 3798658.0 709770.0 143548.0 9.2394118E7 888212.0 1.0755878E7 3.8562732E7 
38 0.0: 153821.0 47326.0 640.0 4189769.0 3798658.0 709770.0 143548.0 9.0728605E7 888212.0 1.0755878E7 3.8510838E7 
39 0.0: 153821.0 47326.0 640.0 4189769.0 3798658.0 709770.0 143548.0 9.0392745E7 888212.0 1.0755878E7 3.8091806E7 
40 0.0: 153821.0 47326.0 640.0 4189769.0 3798658.0 709770.0 143548.0 8.8396354E7 888212.0 1.0755878E7 3.7740253E7 
41 0.0: 153821.0 47326.0 640.0 4189769.0 3798658.0 709770.0 143548.0 8.4933492E7 888212.0 1.0755878E7 3.7732543E7 
42 0.0: 153821.0 47326.0 640.0 4189769.0 3798658.0 709770.0 143548.0 8.4929872E7 888212.0 1.0755878E7 3.736063E7 
43 0.0: 153821.0 47326.0 640.0 4189769.0 3798658.0 709770.0 143548.0 8.487788E7 888212.0 1.0755878E7 3.7240104E7 
44 0.0: 153821.0 47326.0 640.0 4189769.0 3798658.0 709770.0 143548.0 8.3514767E7 888212.0 1.0755878E7 3.6802608E7 
45 0.0: 153821.0 47326.0 640.0 4189769.0 3798658.0 709770.0 143548.0 8.244657E7 888212.0 1.0755878E7 3.6802608E7 
46 0.0: 153821.0 47326.0 640.0 4189769.0 3798658.0 709770.0 143548.0 8.244657E7 888212.0 1.0755878E7 3.6802608E7 
47 0.0: 153821.0 47326.0 640.0 4189769.0 3798658.0 709770.0 143548.0 7.9364793E7 888212.0 1.0755878E7 3.6802608E7 
48 0.0: 153821.0 47326.0 640.0 4189769.0 3798658.0 709770.0 143548.0 7.9180499E7 888212.0 1.0755878E7 3.6802608E7 
49 0.0: 153821.0 47326.0 640.0 4189769.0 3798658.0 709770.0 143548.0 7.869321E7 888212.0 1.0755878E7 3.6802608E7 
50 0.0: 153821.0 47326.0 640.0 4189769.0 3798658.0 709770.0 143548.0 7.8599942E7 888212.0 1.0755878E7 3.6802608E7 
51 0.0: 153821.0 47326.0 640.0 4189769.0 3798658.0 709770.0 143548.0 7.8581081E7 888212.0 1.0755878E7 3.6802608E7 
52 0.0: 153821.0 47326.0 640.0 4189769.0 3798658.0 709770.0 143548.0 7.696993E7 888212.0 1.0755878E7 3.6802608E7 
53 0.0: 153821.0 47326.0 640.0 4189769.0 3798658.0 709770.0 143548.0 7.6204234E7 888212.0 1.0755878E7 3.6802608E7 
54 0.0: 153821.0 47326.0 640.0 4189769.0 3798658.0 709770.0 143548.0 7.6080835E7 888212.0 1.0755878E7 3.6802608E7 
55 0.0: 153821.0 47326.0 640.0 4189769.0 3798658.0 709770.0 143548.0 7.5660438E7 888212.0 1.0755878E7 3.6802608E7 
56 0.0: 153821.0 47326.0 640.0 4189769.0 3798658.0 709770.0 143548.0 7.5389348E7 888212.0 1.0755878E7 3.6802608E7 
57 0.0: 153821.0 47326.0 640.0 4189769.0 3798658.0 709770.0 143548.0 7.4195925E7 888212.0 1.0755878E7 3.6802608E7 
58 0.0: 153821.0 47326.0 640.0 4189769.0 3798658.0 709770.0 143548.0 7.4045012E7 888212.0 1.0755878E7 3.6802608E7 
59 0.0: 153821.0 47326.0 640.0 4189769.0 3798658.0 709770.0 143548.0 7.390319E7 888212.0 1.0755878E7 3.6802608E7 
60 0.0: 153821.0 47326.0 640.0 4189769.0 3798658.0 709770.0 143548.0 7.3278504E7 888212.0 1.0755878E7 3.6802608E7 
61 0.0: 153821.0 47326.0 640.0 4189769.0 3798658.0 709770.0 143548.0 7.3257515E7 888212.0 1.0755878E7 3.6802608E7 
62 0.0: 153821.0 47326.0 640.0 4189769.0 3798658.0 709770.0 143548.0 7.3181871E7 888212.0 1.0755878E7 3.6802608E7 
63 0.0: 153821.0 47326.0 640.0 4189769.0 3798658.0 709770.0 143548.0 7.2961266E7 888212.0 1.0755878E7 3.6802608E7 
64 0.0: 153821.0 47326.0 640.0 4189769.0 3798658.0 709770.0 143548.0 7.2847728E7 888212.0 1.0755878E7 3.6802608E7 
65 0.0: 153821.0 47326.0 640.0 4189769.0 3798658.0 709770.0 143548.0 7.2218937E7 888212.0 1.0755878E7 3.6802608E7 
66 0.0: 153821.0 47326.0 640.0 4189769.0 3798658.0 709770.0 143548.0 7.2207494E7 888212.0 1.0755878E7 3.6802608E7 
67 0.0: 153821.0 47326.0 640.0 4189769.0 3798658.0 709770.0 143548.0 6.128171E7 888212.0 1.0755878E7 3.6802608E7 
68 0.0: 153821.0 47326.0 640.0 4189769.0 3798658.0 709770.0 143548.0 6.0286371E7 888212.0 1.0755878E7 3.6802608E7 
69 0.0: 153821.0 47326.0 640.0 4189769.0 3798658.0 709770.0 143548.0 6.0286371E7 888212.0 1.0755878E7 3.6802608E7 
70 0.0: 153821.0 47326.0 640.0 4189769.0 3798658.0 709770.0 143548.0 6.0286371E7 888212.0 1.0755878E7 3.6802608E7 
71 0.0: 153821.0 47326.0 640.0 4189769.0 3798658.0 709770.0 143548.0 6.0286371E7 888212.0 1.0755878E7 3.6802608E7 
72 0.0: 153821.0 47326.0 640.0 4189769.0 3798658.0 709770.0 143548.0 6.0286371E7 888212.0 1.0755878E7 3.6802608E7 
73 0.0: 153821.0 47326.0 640.0 4189769.0 3798658.0 709770.0 143548.0 6.0286371E7 888212.0 1.0755878E7 3.6802608E7 
74 0.0: 153821.0 47326.0 640.0 4189769.0 3798658.0 709770.0 143548.0 6.0286371E7 888212.0 1.0755878E7 3.6802608E7 
75 0.0: 153821.0 47326.0 640.0 4189769.0 3798658.0 709770.0 143548.0 6.0286371E7 888212.0 1.0755878E7 3.6802608E7 
76 0.0: 153821.0 47326.0 640.0 4189769.0 3798658.0 709770.0 143548.0 6.0286371E7 888212.0 1.0755878E7 3.6802608E7 
77 0.0: 153821.0 47326.0 640.0 4189769.0 3798658.0 709770.0 143548.0 6.0286371E7 888212.0 1.0755878E7 3.6802608E7 
78 0.0: 153821.0 47326.0 640.0 4189769.0 3798658.0 709770.0 143548.0 6.0286371E7 888212.0 1.0755878E7 3.6802608E7 
79 0.0: 153821.0 47326.0 640.0 4189769.0 3798658.0 709770.0 143548.0 6.0286371E7 888212.0 1.0755878E7 3.6802608E7 
80 0.0: 153821.0 47326.0 640.0 4189769.0 3798658.0 709770.0 143548.0 6.0286371E7 888212.0 1.0755878E7 3.6802608E7 
81 0.0: 153821.0 47326.0 640.0 4189769.0 3798658.0 709770.0 143548.0 6.0286371E7 888212.0 1.0755878E7 3.6802608E7 
82 0.0: 153821.0 47326.0 640.0 4189769.0 3798658.0 709770.0 143548.0 6.0286371E7 888212.0 1.0755878E7 3.6802608E7 
83 0.0: 153821.0 47326.0 640.0 4189769.0 3798658.0 709770.0 143548.0 6.0286371E7 888212.0 1.0755878E7 3.6802608E7 
84 0.0: 153821.0 47326.0 640.0 4189769.0 3798658.0 709770.0 143548.0 6.0286371E7 888212.0 1.0755878E7 3.6802608E7 
85 0.0: 153821.0 47326.0 640.0 4189769.0 3798658.0 709770.0 143548.0 6.0286371E7 888212.0 1.0755878E7 3.6802608E7 
86 0.0: 153821.0 47326.0 640.0 4189769.0 3798658.0 709770.0 143548.0 6.0286371E7 888212.0 1.0755878E7 3.6802608E7 
87 0.0: 153821.0 47326.0 640.0 4189769.0 3798658.0 709770.0 143548.0 6.0286371E7 888212.0 1.0755878E7 3.6802608E7 
Thoi gian chay: 390.051 giay
