0 0.0: 362793.0 76052.0 738.0 7498683.0 7192332.0 709770.0 155267.0 1.70201345E8 1363104.0 2.6412408E7 7.5412729E7 
1 0.0: 341131.0 74737.0 710.0 6603027.0 7078150.0 709770.0 151975.0 1.45384E8 1342998.0 2.3923431E7 7.3906176E7 
2 0.0: 305777.0 74257.0 640.0 6512873.0 6996570.0 709770.0 151975.0 1.38128681E8 1323671.0 2.3514066E7 7.3834126E7 
3 0.0: 302983.0 72749.0 640.0 6428826.0 6892628.0 709770.0 151975.0 1.37610254E8 1209965.0 2.3510859E7 7.2152391E7 
4 0.0: 301689.0 61913.0 640.0 6428826.0 6712698.0 709770.0 151975.0 1.34692607E8 1146685.0 2.3317115E7 7.2021918E7 
5 0.0: 257725.0 61416.0 640.0 6428826.0 6357378.0 709770.0 151975.0 1.32138555E8 1124638.0 2.2682565E7 7.0341656E7 
6 0.0: 238193.0 60426.0 640.0 6428826.0 6147454.0 709770.0 151975.0 1.24918216E8 1084318.0 2.1031483E7 6.8475994E7 
7 0.0: 231181.0 59716.0 640.0 6428826.0 6147454.0 709770.0 151975.0 1.23964101E8 1084318.0 2.0229865E7 6.2562606E7 
8 0.0: 220217.0 58989.0 640.0 6428826.0 6147454.0 709770.0 151975.0 1.23803068E8 1084318.0 1.9530102E7 6.2332973E7 
9 0.0: 219217.0 58634.0 640.0 6428826.0 4989656.0 709770.0 151975.0 1.22441698E8 1084318.0 1.8425868E7 6.2225674E7 
10 0.0: 185271.0 58269.0 640.0 6428826.0 4976580.0 709770.0 151975.0 1.17569874E8 1084318.0 1.7910554E7 6.186814E7 
11 0.0: 176695.0 56521.0 640.0 6428826.0 4966176.0 709770.0 151975.0 1.16837902E8 1084318.0 1.7761483E7 6.1590406E7 
12 0.0: 176695.0 56521.0 640.0 6428826.0 4099272.0 709770.0 151975.0 1.15540865E8 1084318.0 1.7761483E7 6.1081943E7 
13 0.0: 176695.0 56521.0 640.0 6428826.0 4091694.0 709770.0 151975.0 1.15425958E8 1084318.0 1.7761483E7 5.9254167E7 
14 0.0: 176695.0 56521.0 640.0 6428826.0 3932076.0 709770.0 151975.0 1.12054382E8 1084318.0 1.7761483E7 5.8162306E7 
15 0.0: 175341.0 56521.0 640.0 6428826.0 3932076.0 709770.0 151975.0 1.11348379E8 1084318.0 1.7761483E7 5.7903863E7 
16 0.0: 154179.0 56521.0 640.0 6428826.0 3932076.0 709770.0 151975.0 1.11101955E8 1084318.0 1.7761483E7 5.5518464E7 
17 0.0: 152907.0 56521.0 640.0 6428826.0 3932076.0 709770.0 151975.0 1.08505487E8 1084318.0 1.7761483E7 5.2586153E7 
18 0.0: 143129.0 56521.0 640.0 6428826.0 3932076.0 709770.0 151975.0 1.03965316E8 1084318.0 1.732527E7 5.0120287E7 
19 0.0: 125349.0 56521.0 640.0 6428826.0 3932076.0 709770.0 151975.0 1.0379164E8 1084318.0 1.727819E7 4.9967271E7 
20 0.0: 125349.0 56521.0 640.0 6428826.0 3932076.0 709770.0 151975.0 1.03777022E8 1084318.0 1.713132E7 4.9836431E7 
21 0.0: 125349.0 56521.0 640.0 6428826.0 3932076.0 709770.0 151975.0 1.01797644E8 1084318.0 1.713132E7 4.9712141E7 
22 0.0: 125349.0 56521.0 640.0 6428826.0 3932076.0 709770.0 151975.0 9.4533133E7 1084318.0 1.713132E7 4.8943584E7 
23 0.0: 125349.0 56521.0 640.0 6428826.0 3932076.0 709770.0 151975.0 9.2957659E7 1084318.0 1.713132E7 4.8934946E7 
24 0.0: 115227.0 56521.0 640.0 6428826.0 3932076.0 709770.0 151975.0 8.9548691E7 1084318.0 1.713132E7 4.8699581E7 
25 0.0: 115227.0 56521.0 640.0 6428826.0 3932076.0 709770.0 151975.0 8.4079235E7 1084318.0 1.713132E7 4.6576607E7 
26 0.0: 115227.0 56521.0 640.0 6428826.0 3932076.0 709770.0 151975.0 8.4070032E7 1084318.0 1.713132E7 4.6561577E7 
27 0.0: 115227.0 56521.0 640.0 6428826.0 3932076.0 709770.0 151975.0 8.3066664E7 1084318.0 1.713132E7 4.5618862E7 
28 0.0: 115227.0 56521.0 640.0 5010051.0 3932076.0 709770.0 151975.0 8.3057763E7 1084318.0 1.713132E7 4.499857E7 
29 0.0: 115227.0 56521.0 640.0 4745180.0 3932076.0 709770.0 151975.0 8.0244448E7 1084318.0 1.713132E7 4.4830398E7 
30 0.0: 115227.0 56521.0 640.0 4745180.0 3932076.0 709770.0 151975.0 8.0141248E7 1084318.0 1.713132E7 4.4570308E7 
31 0.0: 115227.0 56521.0 640.0 4745180.0 3932076.0 709770.0 151975.0 8.0128053E7 1084318.0 1.713132E7 4.3924959E7 
32 0.0: 115227.0 56521.0 640.0 4745180.0 3932076.0 709770.0 151975.0 8.0074451E7 1084318.0 1.713132E7 4.3501175E7 
33 0.0: 115227.0 54361.0 640.0 4745180.0 3803898.0 709770.0 151975.0 8.0056903E7 1084318.0 1.713132E7 4.3201385E7 
34 0.0: 115227.0 54361.0 640.0 4745180.0 3728916.0 709770.0 151975.0 7.9925601E7 1084318.0 1.713132E7 4.3201385E7 
35 0.0: 115227.0 54361.0 640.0 4745180.0 3668016.0 709770.0 151975.0 7.9925601E7 1084318.0 1.713132E7 4.3201385E7 
36 0.0: 115227.0 54361.0 640.0 4745180.0 3668016.0 709770.0 151975.0 7.9925601E7 1084318.0 1.713132E7 4.3201385E7 
37 0.0: 115227.0 45196.0 640.0 4745180.0 3668016.0 709770.0 151975.0 7.7323818E7 1084318.0 1.713132E7 4.3201385E7 
38 0.0: 115227.0 45196.0 640.0 4745180.0 3668016.0 709770.0 151975.0 7.5713308E7 1084318.0 1.713132E7 4.3201385E7 
39 0.0: 115227.0 45196.0 640.0 4745180.0 3668016.0 709770.0 151975.0 7.567347E7 1084318.0 1.713132E7 4.3201385E7 
40 0.0: 115227.0 45196.0 640.0 4745180.0 3668016.0 709770.0 151975.0 7.567347E7 1084318.0 1.713132E7 4.2281687E7 
41 0.0: 115227.0 45196.0 640.0 4745180.0 3668016.0 709770.0 151975.0 7.567347E7 1084318.0 1.713132E7 4.2096595E7 
42 0.0: 115227.0 45196.0 640.0 4745180.0 3668016.0 709770.0 151975.0 7.567347E7 1084318.0 1.713132E7 4.1962626E7 
43 0.0: 115227.0 45196.0 640.0 4745180.0 3668016.0 709770.0 151975.0 7.567347E7 1084318.0 1.713132E7 4.1241356E7 
44 0.0: 115227.0 45196.0 640.0 4745180.0 3668016.0 709770.0 151975.0 7.567347E7 1084318.0 1.713132E7 4.1184624E7 
45 0.0: 115227.0 45196.0 640.0 4745180.0 3668016.0 709770.0 151975.0 7.567347E7 1084318.0 1.713132E7 4.0165178E7 
46 0.0: 115227.0 45196.0 640.0 4745180.0 3668016.0 709770.0 151975.0 7.567347E7 1034301.0 1.713132E7 3.9631496E7 
47 0.0: 115227.0 45196.0 640.0 4745180.0 3668016.0 709770.0 151975.0 7.567347E7 1019783.0 1.5808667E7 3.9536895E7 
48 0.0: 115227.0 45196.0 640.0 4745180.0 3668016.0 709770.0 151975.0 7.567347E7 1019783.0 1.579886E7 3.9507641E7 
49 0.0: 115227.0 45196.0 640.0 4745180.0 3668016.0 709770.0 151975.0 7.567347E7 1019783.0 1.5703141E7 3.9449119E7 
50 0.0: 115227.0 45196.0 640.0 4745180.0 3668016.0 709770.0 151975.0 7.567347E7 1019783.0 1.5677059E7 3.9324585E7 
51 0.0: 115227.0 45196.0 640.0 4745180.0 3668016.0 709770.0 151975.0 7.567347E7 1019783.0 1.5394256E7 3.9049584E7 
52 0.0: 115227.0 45196.0 640.0 4745180.0 3668016.0 709770.0 151975.0 7.567347E7 1019783.0 1.5381598E7 3.88792E7 
53 0.0: 115227.0 45196.0 640.0 4745180.0 3668016.0 709770.0 151975.0 7.567347E7 1019783.0 1.5381598E7 3.88792E7 
54 0.0: 115227.0 45196.0 640.0 4745180.0 3668016.0 709770.0 151975.0 7.567347E7 1019783.0 1.5381598E7 3.88792E7 
55 0.0: 115227.0 45196.0 640.0 4745180.0 3668016.0 709770.0 151975.0 7.567347E7 1019783.0 1.5381598E7 3.88792E7 
56 0.0: 115227.0 45196.0 640.0 4745180.0 3668016.0 709770.0 151975.0 7.567347E7 1019783.0 1.5381598E7 3.88792E7 
57 0.0: 115227.0 45196.0 640.0 4745180.0 3668016.0 709770.0 151975.0 7.567347E7 1019783.0 1.5381598E7 3.88792E7 
58 0.0: 115227.0 45196.0 640.0 4745180.0 3668016.0 709770.0 151975.0 7.567347E7 1019783.0 1.5381598E7 3.88792E7 
59 0.0: 115227.0 45196.0 640.0 4745180.0 3668016.0 709770.0 151975.0 7.567347E7 1019783.0 1.5381598E7 3.88792E7 
60 0.0: 115227.0 45196.0 640.0 4745180.0 3668016.0 709770.0 151975.0 7.567347E7 1019783.0 1.5381598E7 3.88792E7 
61 0.0: 115227.0 45196.0 640.0 4745180.0 3668016.0 709770.0 151975.0 7.567347E7 1019783.0 1.5381598E7 3.88792E7 
62 0.0: 115227.0 45196.0 640.0 4745180.0 3668016.0 709770.0 151975.0 7.567347E7 1019783.0 1.5381598E7 3.8564877E7 
63 0.0: 115227.0 45196.0 640.0 4745180.0 3668016.0 709770.0 151975.0 7.567347E7 1019783.0 1.5381598E7 3.8436924E7 
64 0.0: 115227.0 45196.0 640.0 4745180.0 3668016.0 709770.0 151975.0 7.567347E7 1019783.0 1.5381598E7 3.8407219E7 
65 0.0: 115227.0 45196.0 640.0 4745180.0 3668016.0 709770.0 151975.0 7.567347E7 1019783.0 1.5381598E7 3.8400333E7 
66 0.0: 115227.0 45196.0 640.0 4745180.0 3668016.0 709770.0 151975.0 7.567347E7 1019783.0 1.5381598E7 3.6088205E7 
67 0.0: 115227.0 45196.0 640.0 4745180.0 3668016.0 709770.0 151975.0 7.567347E7 1019783.0 1.5381598E7 3.6055509E7 
68 0.0: 115227.0 45196.0 640.0 4745180.0 3668016.0 709770.0 151975.0 7.567347E7 1019783.0 1.5381598E7 3.6055509E7 
69 0.0: 115227.0 45196.0 640.0 4745180.0 3668016.0 709770.0 151975.0 7.567347E7 1019783.0 1.5381598E7 3.6055509E7 
70 0.0: 115227.0 45196.0 640.0 4745180.0 3668016.0 709770.0 151975.0 7.567347E7 1019783.0 1.5381598E7 3.6055509E7 
71 0.0: 115227.0 45196.0 640.0 4745180.0 3668016.0 709770.0 151975.0 7.567347E7 1019783.0 1.5381598E7 3.6055509E7 
72 0.0: 115227.0 45196.0 640.0 4745180.0 3668016.0 709770.0 151975.0 7.567347E7 1019783.0 1.5381598E7 3.6055509E7 
73 0.0: 115227.0 45196.0 640.0 4745180.0 3668016.0 709770.0 151975.0 7.567347E7 1019783.0 1.5381598E7 3.6055509E7 
74 0.0: 115227.0 45196.0 640.0 4745180.0 3668016.0 709770.0 151975.0 7.567347E7 1019783.0 1.5381598E7 3.6055509E7 
75 0.0: 115227.0 45196.0 640.0 4745180.0 3668016.0 709770.0 151975.0 7.567347E7 1019783.0 1.5381598E7 3.6055509E7 
76 0.0: 115227.0 45196.0 640.0 4745180.0 3668016.0 709770.0 151975.0 7.567347E7 1019783.0 1.5381598E7 3.6055509E7 
77 0.0: 115227.0 45196.0 640.0 4745180.0 3668016.0 709770.0 151975.0 7.567347E7 1019783.0 1.5381598E7 3.6055509E7 
78 0.0: 115227.0 45196.0 640.0 4745180.0 3668016.0 709770.0 151975.0 7.567347E7 1019783.0 1.5381598E7 3.6055509E7 
79 0.0: 115227.0 45196.0 640.0 4745180.0 3668016.0 709770.0 151975.0 7.567347E7 1019783.0 1.5381598E7 3.6055509E7 
80 0.0: 115227.0 45196.0 640.0 4745180.0 3668016.0 709770.0 151975.0 7.567347E7 1019783.0 1.5381598E7 3.6055509E7 
81 0.0: 115227.0 45196.0 640.0 4745180.0 3668016.0 709770.0 151975.0 7.567347E7 1019783.0 1.5381598E7 3.6055509E7 
82 0.0: 115227.0 45196.0 640.0 4745180.0 3668016.0 709770.0 151975.0 7.567347E7 1019783.0 1.5381598E7 3.6055509E7 
83 0.0: 115227.0 45196.0 640.0 4745180.0 3668016.0 709770.0 151975.0 7.567347E7 1019783.0 1.5381598E7 3.6055509E7 
84 0.0: 115227.0 45196.0 640.0 4745180.0 3668016.0 709770.0 151975.0 7.567347E7 1019783.0 1.5381598E7 3.6055509E7 
85 0.0: 115227.0 45196.0 640.0 4745180.0 3668016.0 709770.0 151975.0 7.567347E7 1019783.0 1.5381598E7 3.6055509E7 
86 0.0: 115227.0 45196.0 640.0 4745180.0 3668016.0 709770.0 151975.0 7.567347E7 1019783.0 1.5381598E7 3.6055509E7 
87 0.0: 115227.0 45196.0 640.0 4745180.0 3668016.0 709770.0 151975.0 7.567347E7 1019783.0 1.5381598E7 3.6055509E7 
88 0.0: 115227.0 45196.0 640.0 4745180.0 3668016.0 709770.0 151975.0 7.567347E7 1019783.0 1.5381598E7 3.6055509E7 
89 0.0: 115227.0 45196.0 640.0 4745180.0 3668016.0 709770.0 151975.0 7.567347E7 1019783.0 1.5381598E7 3.6055509E7 
90 0.0: 115227.0 45196.0 640.0 4745180.0 3668016.0 709770.0 151975.0 7.567347E7 1019783.0 1.5381598E7 3.6055509E7 
91 0.0: 115227.0 45196.0 640.0 4745180.0 3668016.0 709770.0 151975.0 7.567347E7 1019783.0 1.5381598E7 3.6055509E7 
92 0.0: 115227.0 45196.0 640.0 4745180.0 3668016.0 709770.0 151975.0 7.567347E7 1019783.0 1.5381598E7 3.6055509E7 
93 0.0: 115227.0 45196.0 640.0 4745180.0 3668016.0 709770.0 151975.0 7.567347E7 1019783.0 1.5381598E7 3.6055509E7 
94 0.0: 115227.0 45196.0 640.0 4745180.0 3668016.0 709770.0 151975.0 7.567347E7 1019783.0 1.5381598E7 3.6055509E7 
95 0.0: 115227.0 45196.0 640.0 4745180.0 3668016.0 709770.0 151975.0 7.567347E7 1019783.0 1.5381598E7 3.6055509E7 
96 0.0: 115227.0 45196.0 640.0 4745180.0 3668016.0 709770.0 151975.0 7.567347E7 1019783.0 1.5381598E7 3.6055509E7 
97 0.0: 115227.0 45196.0 640.0 4745180.0 3668016.0 709770.0 151975.0 7.567347E7 1019783.0 1.5381598E7 3.6055509E7 
98 0.0: 115227.0 45196.0 640.0 4745180.0 3668016.0 709770.0 151975.0 7.567347E7 1019783.0 1.5381598E7 3.6055509E7 
99 0.0: 115227.0 45196.0 640.0 4745180.0 3668016.0 709770.0 151975.0 7.567347E7 1019783.0 1.5381598E7 3.6055509E7 
100 0.0: 115227.0 45196.0 640.0 4745180.0 3668016.0 709770.0 151975.0 7.567347E7 1019783.0 1.5381598E7 3.6055509E7 
101 0.0: 115227.0 45196.0 640.0 4745180.0 3668016.0 709770.0 151975.0 7.567347E7 1019783.0 1.5381598E7 3.6055509E7 
102 0.0: 115227.0 45196.0 640.0 4745180.0 3668016.0 709770.0 151975.0 7.567347E7 1019783.0 1.5381598E7 3.6055509E7 
103 0.0: 115227.0 45196.0 640.0 4745180.0 3668016.0 709770.0 151975.0 7.567347E7 1019783.0 1.5381598E7 3.6055509E7 
104 0.0: 115227.0 45196.0 640.0 4745180.0 3668016.0 709770.0 151975.0 7.567347E7 1019783.0 1.5381598E7 3.6055509E7 
105 0.0: 115227.0 45196.0 640.0 4745180.0 3668016.0 709770.0 151975.0 7.567347E7 1019783.0 1.5381598E7 3.6055509E7 
106 0.0: 115227.0 45196.0 640.0 4745180.0 3668016.0 709770.0 151975.0 7.567347E7 1019783.0 1.5381598E7 3.6055509E7 
107 0.0: 115227.0 45196.0 640.0 4745180.0 3668016.0 709770.0 151975.0 7.567347E7 1019783.0 1.5381598E7 3.6055509E7 
108 0.0: 115227.0 45196.0 640.0 4745180.0 3668016.0 709770.0 151975.0 7.567347E7 1019783.0 1.5381598E7 3.6055509E7 
109 0.0: 115227.0 45196.0 640.0 4745180.0 3668016.0 709770.0 151975.0 7.567347E7 1019783.0 1.5381598E7 3.6055509E7 
110 0.0: 115227.0 45196.0 640.0 4745180.0 3668016.0 709770.0 151975.0 7.567347E7 1019783.0 1.5381598E7 3.6055509E7 
111 0.0: 115227.0 45196.0 640.0 4745180.0 3668016.0 709770.0 151975.0 7.567347E7 1019783.0 1.5381598E7 3.6055509E7 
112 0.0: 115227.0 45196.0 640.0 4745180.0 3668016.0 709770.0 151975.0 7.567347E7 1019783.0 1.5381598E7 3.6055509E7 
113 0.0: 115227.0 45196.0 640.0 4745180.0 3668016.0 709770.0 151975.0 7.567347E7 1019783.0 1.5381598E7 3.6055509E7 
114 0.0: 115227.0 45196.0 640.0 4745180.0 3668016.0 709770.0 151975.0 7.567347E7 1019783.0 1.5381598E7 3.6055509E7 
115 0.0: 115227.0 45196.0 640.0 4745180.0 3668016.0 709770.0 151975.0 7.567347E7 1019783.0 1.5381598E7 3.6055509E7 
116 0.0: 115227.0 45196.0 640.0 4745180.0 3668016.0 709770.0 151975.0 7.567347E7 1019783.0 1.5381598E7 3.6055509E7 
117 0.0: 115227.0 45196.0 640.0 4745180.0 3668016.0 709770.0 151975.0 7.567347E7 1019783.0 1.5381598E7 3.6055509E7 
Thoi gian chay: 477.659 giay
