0 0.0: 397017.0 85335.0 690.0 6958333.0 7696060.0 708090.0 164977.0 1.55160567E8 1444727.0 2.2639113E7 7.486342E7 
1 0.0: 372197.0 85224.0 690.0 6827499.0 7600860.0 708090.0 164977.0 1.48015328E8 1364805.0 2.2555932E7 7.4428713E7 
2 0.0: 358167.0 81882.0 640.0 6816086.0 7167336.0 708090.0 164977.0 1.43792107E8 1205625.0 2.1088845E7 7.2770274E7 
3 0.0: 333313.0 79428.0 640.0 6816086.0 6947386.0 708090.0 164977.0 1.43084075E8 1144029.0 2.0847883E7 6.8111358E7 
4 0.0: 324763.0 78916.0 640.0 6816086.0 6765490.0 708090.0 164977.0 1.40977801E8 1144029.0 2.0412288E7 6.6953144E7 
5 0.0: 278465.0 72905.0 640.0 6810407.0 6611750.0 708090.0 164977.0 1.38218868E8 1144029.0 1.9450092E7 6.4631044E7 
6 0.0: 271851.0 66972.0 640.0 6810407.0 6611750.0 708090.0 156905.0 1.36587264E8 1022518.0 1.9287486E7 6.029265E7 
7 0.0: 261861.0 65012.0 640.0 6810407.0 6611750.0 708090.0 156905.0 1.36350544E8 980941.0 1.8785234E7 5.8587712E7 
8 0.0: 258889.0 63734.0 640.0 6810407.0 6611750.0 708090.0 156905.0 1.36345092E8 937225.0 1.8776903E7 5.8524605E7 
9 0.0: 253959.0 62710.0 640.0 6810407.0 6611750.0 708090.0 156905.0 1.33484197E8 927192.0 1.8408965E7 5.2364301E7 
10 0.0: 253225.0 61858.0 640.0 6810407.0 6611750.0 708090.0 156905.0 1.32663787E8 927192.0 1.8378363E7 5.0989867E7 
11 0.0: 248773.0 61858.0 640.0 6810407.0 6611750.0 708090.0 156905.0 1.30793242E8 927192.0 1.8149383E7 4.7498639E7 
12 0.0: 248097.0 60509.0 640.0 6810407.0 6611750.0 708090.0 156905.0 1.29117222E8 927192.0 1.7992025E7 4.708183E7 
13 0.0: 224531.0 59565.0 640.0 6810407.0 6611750.0 708090.0 156905.0 1.29082887E8 927192.0 1.7645423E7 4.6637949E7 
14 0.0: 203557.0 59565.0 640.0 6810407.0 6414250.0 708090.0 156905.0 1.23571964E8 927192.0 1.7595341E7 4.6179295E7 
15 0.0: 203181.0 59565.0 640.0 6810407.0 6414250.0 708090.0 156905.0 1.19021323E8 927192.0 1.6825232E7 4.6010801E7 
16 0.0: 198503.0 59565.0 640.0 6810407.0 6414250.0 708090.0 156905.0 1.19006577E8 927192.0 1.639234E7 4.5856323E7 
17 0.0: 197769.0 59565.0 640.0 6810407.0 6414250.0 708090.0 156905.0 1.16057736E8 927192.0 1.5749298E7 4.5839091E7 
18 0.0: 197769.0 59565.0 640.0 6810407.0 6414250.0 708090.0 156905.0 1.1527088E8 927192.0 1.485914E7 4.5737003E7 
19 0.0: 197769.0 59565.0 640.0 6810407.0 6414250.0 708090.0 156905.0 1.10777991E8 927192.0 1.4775175E7 4.5724129E7 
20 0.0: 197769.0 59565.0 640.0 6810407.0 6414250.0 708090.0 156905.0 1.10416371E8 927192.0 1.4172786E7 4.5631795E7 
21 0.0: 190883.0 59565.0 602.0 6810407.0 6414250.0 708090.0 156905.0 1.08581476E8 927192.0 1.4159113E7 4.5432893E7 
22 0.0: 187569.0 57136.0 592.0 6810407.0 6414250.0 708090.0 156905.0 1.08474291E8 927192.0 1.3008758E7 4.5165577E7 
23 0.0: 183181.0 57002.0 592.0 6810407.0 6414250.0 708090.0 156905.0 1.07080861E8 927192.0 1.3006154E7 4.501529E7 
24 0.0: 181401.0 56234.0 592.0 6810407.0 6414250.0 708090.0 156905.0 1.05489711E8 927192.0 1.2911555E7 4.4962404E7 
25 0.0: 181401.0 56214.0 592.0 6810407.0 6365574.0 708090.0 156905.0 1.0515485E8 927192.0 1.2901627E7 4.485914E7 
26 0.0: 181401.0 56214.0 592.0 6810407.0 6336998.0 708090.0 156905.0 9.9002112E7 927192.0 1.2729591E7 4.472569E7 
27 0.0: 181401.0 56214.0 592.0 6810407.0 5984010.0 708090.0 156905.0 9.8882101E7 927192.0 1.2729591E7 4.4463804E7 
28 0.0: 181401.0 56214.0 592.0 6810407.0 5684654.0 708090.0 156905.0 9.8603752E7 927192.0 1.2729591E7 4.4399376E7 
29 0.0: 167077.0 56214.0 592.0 6810407.0 5672654.0 708090.0 156905.0 9.5656135E7 927192.0 1.2729591E7 4.3854259E7 
30 0.0: 155673.0 56214.0 592.0 6810407.0 5626578.0 708090.0 156905.0 9.5643746E7 927192.0 1.2729591E7 4.3831485E7 
31 0.0: 155673.0 48118.0 592.0 6810407.0 5430874.0 708090.0 156905.0 9.4803542E7 927192.0 1.2729591E7 4.3255714E7 
32 0.0: 155673.0 48102.0 592.0 6810407.0 5426306.0 708090.0 156905.0 8.9740842E7 927192.0 1.2729591E7 4.2367766E7 
33 0.0: 155673.0 47314.0 592.0 6810407.0 5426306.0 708090.0 156905.0 8.8697815E7 927192.0 1.2729591E7 3.9998836E7 
34 0.0: 155673.0 46521.0 592.0 6810407.0 5426306.0 708090.0 156905.0 8.7105364E7 927192.0 1.2729591E7 3.9333358E7 
35 0.0: 155673.0 46009.0 592.0 6810407.0 5426306.0 708090.0 156905.0 8.6262409E7 927192.0 1.2729591E7 3.8666056E7 
36 0.0: 147507.0 46009.0 592.0 6810407.0 5426306.0 708090.0 156905.0 7.9890375E7 927192.0 1.2729591E7 3.8509528E7 
37 0.0: 145245.0 46009.0 592.0 6810407.0 5426306.0 708090.0 156905.0 7.9869461E7 927192.0 1.2729591E7 3.815361E7 
38 0.0: 142841.0 46009.0 592.0 6810407.0 5426306.0 708090.0 156905.0 7.7519329E7 927192.0 1.2729591E7 3.791205E7 
39 0.0: 142841.0 46009.0 592.0 6810407.0 5426306.0 708090.0 156905.0 7.7487863E7 927192.0 1.2729591E7 3.7594105E7 
40 0.0: 142841.0 46009.0 592.0 6810407.0 5426306.0 708090.0 156905.0 7.7410609E7 927192.0 1.2729591E7 3.715771E7 
41 0.0: 142841.0 46009.0 592.0 6810407.0 5426306.0 708090.0 156905.0 7.6725862E7 927192.0 1.2729591E7 3.7020677E7 
42 0.0: 142841.0 46009.0 592.0 6810407.0 5426306.0 708090.0 156905.0 7.6220299E7 927192.0 1.2729591E7 3.6836236E7 
43 0.0: 142841.0 46009.0 592.0 6810407.0 5426306.0 708090.0 156905.0 7.4334281E7 927192.0 1.2729591E7 3.6836236E7 
44 0.0: 142841.0 46009.0 592.0 6810407.0 5426306.0 708090.0 156905.0 7.4167118E7 927192.0 1.2729591E7 3.6836236E7 
45 0.0: 142841.0 46009.0 592.0 6810407.0 5426306.0 708090.0 156905.0 7.3492333E7 927192.0 1.2729591E7 3.6836236E7 
46 0.0: 142841.0 46009.0 592.0 6810407.0 5426306.0 708090.0 156905.0 7.3391721E7 927192.0 1.2729591E7 3.6836236E7 
47 0.0: 132431.0 46009.0 592.0 6810407.0 5426306.0 708090.0 156905.0 7.2643157E7 927192.0 1.2729591E7 3.6836236E7 
48 0.0: 132431.0 46009.0 592.0 6810407.0 5426306.0 708090.0 156905.0 7.2354698E7 927192.0 1.2729591E7 3.6836236E7 
49 0.0: 132431.0 46009.0 592.0 6810407.0 5426306.0 708090.0 156905.0 7.2215183E7 927192.0 1.2729591E7 3.6836236E7 
50 0.0: 132431.0 46009.0 592.0 6810407.0 5426306.0 708090.0 156905.0 7.2215183E7 927192.0 1.2729591E7 3.6836236E7 
51 0.0: 132431.0 46009.0 592.0 6810407.0 5426306.0 708090.0 156905.0 7.0967566E7 927192.0 1.2729591E7 3.6836236E7 
52 0.0: 132431.0 46009.0 592.0 6810407.0 5426306.0 708090.0 156905.0 7.0967566E7 927192.0 1.2729591E7 3.6836236E7 
53 0.0: 132431.0 46009.0 592.0 6810407.0 5426306.0 708090.0 156905.0 7.0967566E7 927192.0 1.2729591E7 3.6836236E7 
54 0.0: 132431.0 46009.0 592.0 6810407.0 5426306.0 708090.0 156905.0 6.8487803E7 927192.0 1.2729591E7 3.6836236E7 
55 0.0: 132431.0 46009.0 592.0 6810407.0 5426306.0 708090.0 156905.0 6.8124178E7 927192.0 1.2729591E7 3.6836236E7 
56 0.0: 132431.0 46009.0 592.0 6534509.0 5426306.0 708090.0 156905.0 6.6592557E7 927192.0 1.2729591E7 3.6836236E7 
57 0.0: 132431.0 46009.0 592.0 6534509.0 5426306.0 708090.0 156905.0 6.5790527E7 927192.0 1.2729591E7 3.6836236E7 
58 0.0: 132431.0 46009.0 592.0 6534509.0 5426306.0 708090.0 156905.0 6.5621395E7 927192.0 1.2729591E7 3.6836236E7 
59 0.0: 132431.0 46009.0 592.0 6534509.0 5426306.0 708090.0 156905.0 6.4559995E7 927192.0 1.2729591E7 3.6680889E7 
60 0.0: 132431.0 46009.0 592.0 6534509.0 5426306.0 708090.0 156905.0 6.2658527E7 927192.0 1.2729591E7 3.6680889E7 
61 0.0: 132431.0 46009.0 592.0 6534509.0 5426306.0 708090.0 156905.0 6.2658527E7 927192.0 1.2729591E7 3.6680889E7 
62 0.0: 132431.0 46009.0 592.0 6534509.0 5426306.0 708090.0 156905.0 6.2658527E7 927192.0 1.2729591E7 3.6680889E7 
63 0.0: 132431.0 45728.0 592.0 6534509.0 5426306.0 708090.0 156905.0 6.2658527E7 927192.0 1.2729591E7 3.6680889E7 
64 0.0: 132431.0 45636.0 592.0 6534509.0 5426306.0 708090.0 156905.0 6.2658527E7 927192.0 1.2729591E7 3.6680889E7 
65 0.0: 132431.0 45380.0 592.0 6534509.0 5426306.0 708090.0 156905.0 6.2658527E7 927192.0 1.2729591E7 3.6680889E7 
66 0.0: 132431.0 45380.0 592.0 6534509.0 5426306.0 708090.0 156905.0 6.2658527E7 927192.0 1.2729591E7 3.6680889E7 
67 0.0: 132431.0 45380.0 592.0 6534509.0 5426306.0 708090.0 156905.0 6.2658527E7 927192.0 1.2729591E7 3.6680889E7 
68 0.0: 132431.0 45380.0 592.0 6534509.0 5426306.0 708090.0 156905.0 6.2658527E7 927192.0 1.2729591E7 3.6680889E7 
69 0.0: 132431.0 45380.0 592.0 6534509.0 5426306.0 708090.0 156905.0 6.2658527E7 927192.0 1.2729591E7 3.6680889E7 
70 0.0: 132431.0 45380.0 592.0 6534509.0 5426306.0 708090.0 156905.0 6.2658527E7 927192.0 1.2729591E7 3.6680889E7 
71 0.0: 132431.0 45380.0 592.0 6534509.0 5426306.0 708090.0 156905.0 6.2658527E7 927192.0 1.2729591E7 3.6680889E7 
72 0.0: 132431.0 45380.0 592.0 6534509.0 5426306.0 708090.0 156905.0 6.1206313E7 927192.0 1.2729591E7 3.6680889E7 
73 0.0: 132431.0 45380.0 592.0 6534509.0 5426306.0 708090.0 156905.0 6.1078746E7 927192.0 1.2729591E7 3.6680889E7 
74 0.0: 132431.0 45380.0 592.0 6534509.0 5426306.0 708090.0 156905.0 5.6442891E7 927192.0 1.2729591E7 3.6680889E7 
75 0.0: 132431.0 45380.0 592.0 6534509.0 5426306.0 708090.0 156905.0 5.6439088E7 927192.0 1.2729591E7 3.6680889E7 
76 0.0: 132431.0 45380.0 592.0 6534509.0 5426306.0 708090.0 156905.0 5.6439088E7 927192.0 1.2729591E7 3.6680889E7 
77 0.0: 132431.0 45380.0 592.0 6534509.0 5426306.0 708090.0 156905.0 5.6439088E7 927192.0 1.2729591E7 3.6680889E7 
78 0.0: 132431.0 45380.0 592.0 6534509.0 5426306.0 708090.0 156905.0 5.6439088E7 927192.0 1.2729591E7 3.6680889E7 
79 0.0: 132431.0 45380.0 592.0 6534509.0 5426306.0 708090.0 156905.0 5.6439088E7 927192.0 1.2729591E7 3.6680889E7 
80 0.0: 132431.0 45380.0 592.0 6534509.0 5426306.0 708090.0 156905.0 5.6439088E7 927192.0 1.2729591E7 3.6680889E7 
81 0.0: 132431.0 45380.0 592.0 6534509.0 5426306.0 708090.0 156905.0 5.6439088E7 927192.0 1.2729591E7 3.6680889E7 
82 0.0: 132431.0 45380.0 592.0 6534509.0 5426306.0 708090.0 156905.0 5.6317737E7 927192.0 1.2729591E7 3.6680889E7 
83 0.0: 132431.0 45380.0 592.0 6534509.0 5426306.0 708090.0 156905.0 5.6276045E7 927192.0 1.2729591E7 3.6680889E7 
84 0.0: 132431.0 45380.0 592.0 6534509.0 5426306.0 708090.0 156905.0 5.5992416E7 927192.0 1.2729591E7 3.6680889E7 
85 0.0: 132431.0 45380.0 592.0 6534509.0 5426306.0 708090.0 156905.0 5.5992416E7 927192.0 1.2729591E7 3.6680889E7 
86 0.0: 132431.0 45380.0 592.0 6534509.0 5426306.0 708090.0 156905.0 5.5992416E7 927192.0 1.2729591E7 3.6680889E7 
87 0.0: 132431.0 45380.0 592.0 6534509.0 5426306.0 708090.0 156905.0 5.5992416E7 927192.0 1.2729591E7 3.6680889E7 
88 0.0: 132431.0 45380.0 592.0 6534509.0 5426306.0 708090.0 156905.0 5.5992416E7 927192.0 1.2729591E7 3.6680889E7 
89 0.0: 132431.0 45380.0 592.0 6534509.0 5426306.0 708090.0 156905.0 5.5992416E7 927192.0 1.2729591E7 3.6680889E7 
90 0.0: 132431.0 45380.0 592.0 6534509.0 5426306.0 708090.0 156905.0 5.5992416E7 927192.0 1.2729591E7 3.6680889E7 
91 0.0: 132431.0 45380.0 592.0 6534509.0 5426306.0 708090.0 156905.0 5.5992416E7 927192.0 1.2729591E7 3.6680889E7 
92 0.0: 132431.0 45380.0 592.0 6534509.0 5426306.0 708090.0 156905.0 5.5992416E7 927192.0 1.2729591E7 3.6680889E7 
93 0.0: 132431.0 45380.0 592.0 6534509.0 5426306.0 708090.0 156905.0 5.5842486E7 927192.0 1.2729591E7 3.6680889E7 
94 0.0: 132431.0 45380.0 592.0 6534509.0 5426306.0 708090.0 156905.0 5.5842486E7 927192.0 1.2729591E7 3.6680889E7 
95 0.0: 132431.0 45380.0 592.0 6534509.0 5426306.0 708090.0 156905.0 5.5842486E7 927192.0 1.2729591E7 3.6680889E7 
96 0.0: 132431.0 45380.0 592.0 6534509.0 5426306.0 708090.0 156905.0 5.5842486E7 927192.0 1.2729591E7 3.6680889E7 
97 0.0: 132431.0 45380.0 592.0 6534509.0 5426306.0 708090.0 156905.0 5.5842486E7 927192.0 1.2729591E7 3.6680889E7 
98 0.0: 132431.0 45380.0 592.0 6534509.0 5426306.0 708090.0 156905.0 5.5842486E7 927192.0 1.2729591E7 3.6680889E7 
99 0.0: 132431.0 45380.0 592.0 6534509.0 5426306.0 708090.0 156905.0 5.5842486E7 927192.0 1.2729591E7 3.6680889E7 
100 0.0: 132431.0 45380.0 592.0 6534509.0 5426306.0 708090.0 156905.0 5.5842486E7 927192.0 1.2729591E7 3.6680889E7 
101 0.0: 132431.0 45380.0 592.0 6534509.0 5426306.0 708090.0 156905.0 5.5842486E7 927192.0 1.2729591E7 3.6680889E7 
102 0.0: 132431.0 45380.0 592.0 6534509.0 5426306.0 708090.0 156905.0 5.5842486E7 927192.0 1.2729591E7 3.6680889E7 
103 0.0: 132431.0 45380.0 592.0 6534509.0 5426306.0 708090.0 156905.0 5.5842486E7 927192.0 1.2729591E7 3.6680889E7 
104 0.0: 132431.0 45380.0 592.0 6534509.0 5426306.0 708090.0 156905.0 5.5842486E7 927192.0 1.2729591E7 3.6680889E7 
105 0.0: 132431.0 45380.0 592.0 6534509.0 5426306.0 708090.0 156905.0 5.5842486E7 927192.0 1.2729591E7 3.6680889E7 
106 0.0: 132431.0 45380.0 592.0 6534509.0 5426306.0 708090.0 156905.0 5.5842486E7 927192.0 1.2729591E7 3.6680889E7 
107 0.0: 132431.0 45380.0 592.0 6534509.0 5426306.0 708090.0 156905.0 5.5842486E7 927192.0 1.2729591E7 3.6680889E7 
108 0.0: 132431.0 45380.0 592.0 6534509.0 5426306.0 708090.0 156905.0 5.5842486E7 927192.0 1.2729591E7 3.6680889E7 
109 0.0: 132431.0 45380.0 592.0 6534509.0 5426306.0 708090.0 156905.0 5.5842486E7 927192.0 1.2729591E7 3.6680889E7 
110 0.0: 132431.0 45380.0 592.0 6534509.0 5426306.0 708090.0 156905.0 5.5842486E7 927192.0 1.2729591E7 3.6680889E7 
111 0.0: 132431.0 45380.0 592.0 6534509.0 5426306.0 708090.0 156905.0 5.5842486E7 927192.0 1.2729591E7 3.6680889E7 
Thoi gian chay: 441.292 giay
