0 0.0: 333523.0 82196.0 640.0 6676322.0 7561556.0 709724.0 149217.0 1.63739403E8 1395774.0 2.3403084E7 8.1479052E7 
1 0.0: 316347.0 80340.0 640.0 6330774.0 7460888.0 693180.0 149217.0 1.60034656E8 1334052.0 2.1331057E7 7.9758777E7 
2 0.0: 315947.0 78216.0 640.0 6305138.0 6118272.0 693180.0 149217.0 1.54165309E8 1255535.0 2.1299592E7 7.7535143E7 
3 0.0: 308091.0 77958.0 640.0 6305138.0 6070600.0 693180.0 149217.0 1.52996075E8 1044080.0 2.1261368E7 7.1815792E7 
4 0.0: 305739.0 74085.0 640.0 6305138.0 5807472.0 693180.0 149217.0 1.50052617E8 940420.0 2.0885562E7 6.8440583E7 
5 0.0: 296627.0 72603.0 640.0 6305138.0 5773026.0 693180.0 149217.0 1.50047506E8 928703.0 2.0700146E7 6.7915775E7 
6 0.0: 195011.0 67153.0 640.0 6305138.0 5703626.0 693180.0 149217.0 1.49800475E8 860780.0 1.9940354E7 6.7793839E7 
7 0.0: 182891.0 63818.0 640.0 4588446.0 5653638.0 693180.0 149217.0 1.49729709E8 860780.0 1.9704412E7 6.5228011E7 
8 0.0: 165927.0 63723.0 640.0 4588446.0 4850886.0 693180.0 149217.0 1.33600438E8 860780.0 1.9359972E7 6.5183846E7 
9 0.0: 165331.0 57803.0 640.0 4588446.0 4829480.0 693180.0 149217.0 1.32843775E8 860780.0 1.8996294E7 6.5089108E7 
10 0.0: 152655.0 57781.0 640.0 4588446.0 4829480.0 693180.0 149217.0 1.29465113E8 860780.0 1.8462849E7 6.3662616E7 
11 0.0: 151257.0 56579.0 640.0 4588446.0 4829480.0 693180.0 149217.0 1.29238276E8 860780.0 1.6605826E7 5.9359134E7 
12 0.0: 124501.0 55263.0 640.0 4588446.0 4829480.0 693180.0 149217.0 1.27548624E8 860780.0 1.6251834E7 5.8074131E7 
13 0.0: 123967.0 55160.0 640.0 4588446.0 4829480.0 693180.0 149217.0 1.27499484E8 860780.0 1.5058695E7 5.7512776E7 
14 0.0: 114541.0 54613.0 640.0 4588446.0 4829480.0 693180.0 149217.0 1.27079022E8 860780.0 1.4948621E7 5.7425723E7 
15 0.0: 114541.0 53977.0 640.0 4588446.0 4829480.0 693180.0 149217.0 1.24334205E8 860780.0 1.4843869E7 5.6696979E7 
16 0.0: 114541.0 45534.0 640.0 4588446.0 4829480.0 693180.0 149217.0 1.23887314E8 860780.0 1.4445684E7 5.6655172E7 
17 0.0: 114541.0 44665.0 640.0 4588446.0 4829480.0 693180.0 149217.0 1.19542118E8 860780.0 1.3911988E7 5.2335851E7 
18 0.0: 114541.0 44119.0 640.0 4588446.0 3472458.0 693180.0 149217.0 1.1655724E8 860780.0 1.3911988E7 5.0857027E7 
19 0.0: 114541.0 43867.0 640.0 4588446.0 3401328.0 693180.0 149217.0 1.11611589E8 860780.0 1.3911988E7 4.9965129E7 
20 0.0: 114541.0 43173.0 640.0 4588446.0 3401328.0 693180.0 149217.0 1.09709874E8 860780.0 1.3911988E7 4.7626343E7 
21 0.0: 114541.0 42764.0 640.0 4588446.0 3401328.0 693180.0 149217.0 1.08898228E8 860780.0 1.3911988E7 4.666691E7 
22 0.0: 106687.0 41934.0 640.0 4588446.0 3401328.0 693180.0 149217.0 1.03048902E8 860780.0 1.3911988E7 4.1831895E7 
23 0.0: 105239.0 40952.0 640.0 4588446.0 3401328.0 693180.0 149217.0 1.01368634E8 860780.0 1.3911988E7 4.1224706E7 
24 0.0: 105239.0 38448.0 640.0 4543380.0 3401328.0 693180.0 149217.0 9.9516612E7 860780.0 1.3911988E7 4.1213784E7 
25 0.0: 96953.0 37932.0 640.0 4543380.0 3401328.0 693180.0 149217.0 9.9301163E7 860780.0 1.3911988E7 3.9975683E7 
26 0.0: 95953.0 36927.0 640.0 4543380.0 3401328.0 693180.0 149217.0 9.868949E7 860780.0 1.3911988E7 3.9920695E7 
27 0.0: 87469.0 36927.0 640.0 4543380.0 3401328.0 693180.0 149217.0 9.8582761E7 860780.0 1.3734476E7 3.9859541E7 
28 0.0: 87469.0 36927.0 640.0 4543380.0 3401328.0 693180.0 149217.0 9.7908085E7 860780.0 1.3734476E7 3.9621768E7 
29 0.0: 87469.0 36927.0 640.0 4543380.0 3401328.0 693180.0 149217.0 9.7403614E7 860780.0 1.3734476E7 3.7559263E7 
30 0.0: 87469.0 36927.0 640.0 4543380.0 3401328.0 693180.0 149217.0 9.7287432E7 860780.0 1.3734476E7 3.7240654E7 
31 0.0: 87469.0 36927.0 640.0 4543380.0 3401328.0 693180.0 149217.0 9.5991092E7 860780.0 1.3734476E7 3.715315E7 
32 0.0: 87469.0 36927.0 640.0 4543380.0 3401328.0 693180.0 149217.0 9.5693369E7 860780.0 1.3734476E7 3.700124E7 
33 0.0: 87469.0 36927.0 640.0 4543380.0 3325038.0 693180.0 149217.0 9.5071516E7 860780.0 1.3734476E7 3.6819244E7 
34 0.0: 87469.0 36927.0 640.0 4543380.0 3325038.0 693180.0 149217.0 9.4887698E7 860780.0 1.3734476E7 3.6768426E7 
35 0.0: 87469.0 36927.0 640.0 4543380.0 3325038.0 693180.0 149217.0 9.4848513E7 860780.0 1.3734476E7 3.5846576E7 
36 0.0: 87469.0 36927.0 640.0 4543380.0 3325038.0 693180.0 149217.0 9.4840379E7 860780.0 1.3734476E7 3.5213467E7 
37 0.0: 87469.0 36927.0 640.0 4543380.0 3325038.0 693180.0 149217.0 9.4818862E7 860780.0 1.3734476E7 3.5146186E7 
38 0.0: 87469.0 36927.0 640.0 4543380.0 3325038.0 693180.0 149217.0 9.1862346E7 860780.0 1.3734476E7 3.4633496E7 
39 0.0: 87469.0 36927.0 640.0 4543380.0 3325038.0 693180.0 149217.0 9.1454346E7 860780.0 1.3734476E7 3.4154266E7 
40 0.0: 87469.0 36927.0 640.0 4543380.0 3325038.0 693180.0 149217.0 9.1203113E7 860780.0 1.3734476E7 3.3926902E7 
41 0.0: 87469.0 36927.0 640.0 4543380.0 3325038.0 693180.0 149217.0 9.1071313E7 860780.0 1.3734476E7 3.3837781E7 
42 0.0: 87469.0 36927.0 640.0 4543380.0 3325038.0 693180.0 149217.0 9.07995E7 860780.0 1.3734476E7 3.3813166E7 
43 0.0: 87469.0 36927.0 640.0 4543380.0 3325038.0 693180.0 149217.0 9.0788435E7 860780.0 1.2703265E7 3.2564231E7 
44 0.0: 87469.0 36927.0 640.0 4543380.0 3325038.0 693180.0 149217.0 8.8783796E7 860780.0 1.2532965E7 3.2552374E7 
45 0.0: 87469.0 36927.0 640.0 4543380.0 3325038.0 693180.0 149217.0 8.7496891E7 860780.0 1.2532284E7 3.2525706E7 
46 0.0: 87469.0 36927.0 640.0 4543380.0 3325038.0 693180.0 149217.0 8.633493E7 860780.0 1.2532284E7 3.1482738E7 
47 0.0: 87469.0 36927.0 640.0 4543380.0 3325038.0 693180.0 149217.0 8.5694608E7 860780.0 1.2532284E7 3.1465465E7 
48 0.0: 87469.0 36927.0 640.0 4543380.0 3325038.0 693180.0 149217.0 8.3229573E7 860780.0 1.2532284E7 3.144335E7 
49 0.0: 87469.0 36927.0 640.0 4543380.0 3325038.0 693180.0 149217.0 8.3211191E7 860780.0 1.2532284E7 3.137275E7 
50 0.0: 87469.0 36927.0 640.0 4543380.0 3325038.0 693180.0 149217.0 8.299543E7 860780.0 1.2532284E7 3.136888E7 
51 0.0: 87469.0 36927.0 640.0 4543380.0 3325038.0 693180.0 149217.0 8.2976495E7 860780.0 1.2532284E7 2.9859711E7 
52 0.0: 87469.0 36927.0 640.0 4543380.0 3325038.0 693180.0 149217.0 8.0806102E7 860780.0 1.2532284E7 2.9859711E7 
53 0.0: 87469.0 36927.0 640.0 4543380.0 3325038.0 693180.0 149217.0 8.067793E7 860780.0 1.2532284E7 2.9859711E7 
54 0.0: 87469.0 36927.0 640.0 4543380.0 3325038.0 693180.0 149217.0 7.7273844E7 860780.0 1.2532284E7 2.9859711E7 
55 0.0: 87469.0 36927.0 640.0 4543380.0 3325038.0 693180.0 149217.0 7.7163676E7 860780.0 1.2532284E7 2.9859711E7 
56 0.0: 87469.0 36927.0 640.0 4543380.0 3325038.0 693180.0 149217.0 7.6142704E7 860780.0 1.2532284E7 2.9859711E7 
57 0.0: 87469.0 36927.0 640.0 4543380.0 3325038.0 693180.0 149217.0 7.5540318E7 860780.0 1.2532284E7 2.9859711E7 
58 0.0: 87469.0 36927.0 640.0 4543380.0 3325038.0 693180.0 149217.0 7.5352602E7 860780.0 1.2532284E7 2.9859711E7 
59 0.0: 87469.0 36927.0 640.0 4543380.0 3325038.0 693180.0 149217.0 7.5352602E7 860780.0 1.2532284E7 2.9859711E7 
60 0.0: 87469.0 36927.0 640.0 4543380.0 3325038.0 693180.0 149217.0 7.4674412E7 860780.0 1.2532284E7 2.9859711E7 
61 0.0: 87469.0 36927.0 640.0 4543380.0 3325038.0 693180.0 149217.0 7.4674412E7 860780.0 1.2532284E7 2.9859711E7 
62 0.0: 87469.0 36927.0 640.0 4543380.0 3325038.0 693180.0 149217.0 7.4674412E7 860780.0 1.2532284E7 2.9859711E7 
63 0.0: 87469.0 36927.0 640.0 4543380.0 3325038.0 693180.0 149217.0 7.4674412E7 860780.0 1.2532284E7 2.9859711E7 
64 0.0: 87469.0 36927.0 640.0 4543380.0 3325038.0 693180.0 149217.0 7.4674412E7 860780.0 1.2532284E7 2.9859711E7 
65 0.0: 87469.0 36927.0 640.0 4543380.0 3325038.0 693180.0 149217.0 7.4674412E7 860780.0 1.2532284E7 2.9859711E7 
66 0.0: 87469.0 36927.0 640.0 4543380.0 3325038.0 693180.0 149217.0 7.4674412E7 860780.0 1.2532284E7 2.9859711E7 
67 0.0: 87469.0 36927.0 640.0 4543380.0 3325038.0 693180.0 149217.0 7.4674412E7 860780.0 1.2532284E7 2.9859711E7 
68 0.0: 87469.0 36927.0 640.0 4543380.0 3325038.0 693180.0 149217.0 7.2812907E7 860780.0 1.2532284E7 2.9859711E7 
69 0.0: 87469.0 36927.0 640.0 4543380.0 3325038.0 693180.0 149217.0 7.2774869E7 860780.0 1.2532284E7 2.9859711E7 
70 0.0: 87469.0 36927.0 640.0 4543380.0 3325038.0 693180.0 149217.0 7.2692187E7 860780.0 1.2532284E7 2.9859711E7 
71 0.0: 87469.0 36927.0 640.0 4543380.0 3325038.0 693180.0 149217.0 7.0666647E7 860780.0 1.2532284E7 2.9859711E7 
72 0.0: 87469.0 36927.0 640.0 4543380.0 3325038.0 693180.0 149217.0 7.0557989E7 860780.0 1.2532284E7 2.9859711E7 
73 0.0: 87469.0 36927.0 640.0 4543380.0 3325038.0 693180.0 149217.0 7.0453977E7 860780.0 1.2532284E7 2.9859711E7 
74 0.0: 87469.0 36927.0 640.0 4543380.0 3325038.0 693180.0 149217.0 6.9831871E7 860780.0 1.2532284E7 2.9859711E7 
75 0.0: 87469.0 36927.0 640.0 4543380.0 3325038.0 693180.0 149217.0 6.9709014E7 860780.0 1.2532284E7 2.9859711E7 
76 0.0: 87469.0 36927.0 640.0 4543380.0 3325038.0 693180.0 149217.0 6.9709014E7 860780.0 1.2532284E7 2.9859711E7 
77 0.0: 87469.0 36927.0 640.0 4543380.0 3325038.0 693180.0 149217.0 6.9709014E7 860780.0 1.2532284E7 2.9859711E7 
78 0.0: 87469.0 36927.0 640.0 4543380.0 3325038.0 693180.0 149217.0 6.9709014E7 860780.0 1.2532284E7 2.9859711E7 
79 0.0: 87469.0 36927.0 640.0 4543380.0 3325038.0 693180.0 149217.0 6.9709014E7 860780.0 1.2532284E7 2.9859711E7 
80 0.0: 87469.0 36927.0 640.0 4543380.0 3325038.0 693180.0 149217.0 6.9709014E7 860780.0 1.2532284E7 2.9859711E7 
81 0.0: 87469.0 36927.0 640.0 4543380.0 3325038.0 693180.0 149217.0 6.9709014E7 860780.0 1.2532284E7 2.9859711E7 
82 0.0: 87469.0 36927.0 640.0 4543380.0 3325038.0 693180.0 149217.0 6.9709014E7 860780.0 1.2532284E7 2.9859711E7 
83 0.0: 87469.0 36927.0 640.0 4543380.0 3325038.0 693180.0 149217.0 6.9709014E7 860780.0 1.2532284E7 2.9859711E7 
84 0.0: 87469.0 36927.0 640.0 4543380.0 3325038.0 693180.0 149217.0 6.9709014E7 860780.0 1.2532284E7 2.9859711E7 
85 0.0: 87469.0 36927.0 640.0 4543380.0 3325038.0 693180.0 149217.0 6.9709014E7 860780.0 1.1508349E7 2.9859711E7 
86 0.0: 87469.0 36927.0 640.0 4543380.0 3325038.0 693180.0 149217.0 6.9709014E7 860780.0 1.1498602E7 2.9859711E7 
87 0.0: 87469.0 36927.0 640.0 4543380.0 3325038.0 693180.0 149217.0 6.9709014E7 860780.0 1.1299121E7 2.9859711E7 
88 0.0: 87469.0 36927.0 640.0 4543380.0 3325038.0 693180.0 149217.0 6.9709014E7 860780.0 1.1201287E7 2.9859711E7 
89 0.0: 87469.0 36927.0 640.0 4543380.0 3325038.0 693180.0 149217.0 6.9709014E7 860780.0 1.1149494E7 2.9859711E7 
90 0.0: 87469.0 36927.0 640.0 4543380.0 3325038.0 693180.0 149217.0 6.9709014E7 860780.0 1.070535E7 2.9859711E7 
91 0.0: 87469.0 36927.0 640.0 4543380.0 3325038.0 693180.0 149217.0 6.9709014E7 860780.0 1.0701323E7 2.9859711E7 
92 0.0: 87469.0 36927.0 640.0 4543380.0 3325038.0 693180.0 149217.0 6.9709014E7 860780.0 1.0632356E7 2.9859711E7 
93 0.0: 87469.0 36927.0 640.0 4543380.0 3325038.0 693180.0 149217.0 6.9709014E7 860780.0 1.0632356E7 2.9859711E7 
94 0.0: 87469.0 36927.0 640.0 4543380.0 3325038.0 693180.0 149217.0 6.9709014E7 860780.0 1.0632356E7 2.9859711E7 
95 0.0: 87469.0 36927.0 640.0 4543380.0 3325038.0 693180.0 149217.0 6.9709014E7 860780.0 1.0632356E7 2.9859711E7 
96 0.0: 87469.0 36927.0 640.0 4543380.0 3325038.0 693180.0 149217.0 6.9709014E7 860780.0 1.0632356E7 2.9728978E7 
97 0.0: 87469.0 36927.0 640.0 4543380.0 3325038.0 693180.0 149217.0 6.9709014E7 860780.0 1.0632356E7 2.9728978E7 
98 0.0: 87469.0 36927.0 640.0 4543380.0 3325038.0 693180.0 149217.0 6.9709014E7 860780.0 1.0632356E7 2.9728978E7 
99 0.0: 87469.0 36927.0 640.0 4543380.0 3325038.0 693180.0 149217.0 6.9709014E7 860780.0 1.0632356E7 2.9728978E7 
100 0.0: 87469.0 36927.0 640.0 4543380.0 3325038.0 693180.0 149217.0 6.9709014E7 860780.0 1.0632356E7 2.9728978E7 
101 0.0: 87469.0 36927.0 640.0 4543380.0 3325038.0 693180.0 149217.0 6.9709014E7 860780.0 1.0632356E7 2.9728978E7 
102 0.0: 87469.0 36927.0 640.0 4543380.0 3325038.0 693180.0 149217.0 6.9709014E7 860780.0 1.0632356E7 2.9728978E7 
103 0.0: 87469.0 36927.0 640.0 4543380.0 3325038.0 693180.0 149217.0 6.9709014E7 860780.0 1.0632356E7 2.9728978E7 
104 0.0: 87469.0 36927.0 640.0 4543380.0 3325038.0 693180.0 149217.0 6.9709014E7 860780.0 1.0632356E7 2.9728978E7 
105 0.0: 87469.0 36927.0 640.0 4543380.0 3325038.0 693180.0 149217.0 6.9709014E7 860780.0 1.0632356E7 2.9728978E7 
106 0.0: 87469.0 36927.0 640.0 4543380.0 3325038.0 693180.0 149217.0 6.9709014E7 860780.0 1.0632356E7 2.9728978E7 
107 0.0: 87469.0 36927.0 640.0 4543380.0 3325038.0 693180.0 149217.0 6.9709014E7 860780.0 1.0632356E7 2.9728978E7 
108 0.0: 87469.0 36927.0 640.0 4543380.0 3325038.0 693180.0 149217.0 6.9709014E7 860780.0 1.0632356E7 2.9728978E7 
109 0.0: 87469.0 36927.0 640.0 4543380.0 3325038.0 693180.0 149217.0 6.9709014E7 860780.0 1.0632356E7 2.9728978E7 
110 0.0: 87469.0 36927.0 640.0 4543380.0 3325038.0 693180.0 149217.0 6.9709014E7 860780.0 1.0632356E7 2.9728978E7 
111 0.0: 87469.0 36927.0 640.0 4543380.0 3325038.0 693180.0 149217.0 6.9709014E7 860780.0 1.0632356E7 2.9728978E7 
112 0.0: 87469.0 36927.0 640.0 4543380.0 3325038.0 693180.0 149217.0 6.9709014E7 860780.0 1.0632356E7 2.9728978E7 
113 0.0: 87469.0 36927.0 640.0 4543380.0 3325038.0 693180.0 149217.0 6.9709014E7 860780.0 1.0632356E7 2.9728978E7 
114 0.0: 87469.0 36927.0 640.0 4543380.0 3325038.0 693180.0 149217.0 6.9709014E7 860780.0 1.0632356E7 2.9728978E7 
Thoi gian chay: 485.457 giay
