0 0.0: 389619.0 81589.0 640.0 7325946.0 8093412.0 709770.0 149388.0 1.61788879E8 1489658.0 2.4044024E7 7.2169408E7 
1 0.0: 348153.0 79559.0 640.0 6940078.0 8079856.0 709770.0 105246.0 1.58476243E8 1266169.0 2.4020337E7 7.1812332E7 
2 0.0: 344867.0 77955.0 640.0 6439166.0 7821648.0 709770.0 105246.0 1.563108E8 1079977.0 2.3731775E7 7.1645427E7 
3 0.0: 337569.0 75570.0 640.0 6358782.0 7689520.0 709770.0 105246.0 1.48015349E8 1079977.0 2.119301E7 7.0168249E7 
4 0.0: 311485.0 74585.0 640.0 6291197.0 6796284.0 709770.0 105246.0 1.45679638E8 1079977.0 2.0964224E7 6.8476422E7 
5 0.0: 280521.0 73229.0 640.0 6291197.0 6781452.0 709770.0 105246.0 1.43707106E8 1079977.0 2.0735076E7 6.8389453E7 
6 0.0: 244215.0 72255.0 640.0 6291197.0 6445006.0 709770.0 105246.0 1.42909836E8 1056568.0 2.0341617E7 6.7119805E7 
7 0.0: 232605.0 68453.0 640.0 6291197.0 6319176.0 709770.0 105246.0 1.42322696E8 1056568.0 1.8605092E7 6.6368437E7 
8 0.0: 230463.0 67097.0 640.0 5187470.0 6168178.0 709770.0 105246.0 1.40535687E8 1056568.0 1.853424E7 6.4857008E7 
9 0.0: 222655.0 65657.0 534.0 5121784.0 5680440.0 709770.0 105246.0 1.3348373E8 1056568.0 1.8423732E7 6.3625015E7 
10 0.0: 218709.0 64411.0 534.0 5121784.0 5601640.0 709770.0 105246.0 1.33028295E8 1056568.0 1.7721503E7 6.2719005E7 
11 0.0: 201573.0 61409.0 534.0 5121784.0 5579992.0 709770.0 105246.0 1.28017461E8 1056568.0 1.7666463E7 6.20917E7 
12 0.0: 188245.0 61409.0 534.0 5121784.0 5579992.0 709770.0 105246.0 1.27625092E8 1056568.0 1.7571063E7 5.9639446E7 
13 0.0: 188245.0 61409.0 534.0 5121784.0 5579992.0 709770.0 105246.0 1.24452953E8 1056568.0 1.7447105E7 5.7494272E7 
14 0.0: 188245.0 61409.0 534.0 5121784.0 5579992.0 709770.0 105246.0 1.20282629E8 1056568.0 1.6773485E7 5.4300192E7 
15 0.0: 188245.0 60999.0 534.0 5121784.0 5579992.0 709770.0 105246.0 1.19457494E8 1056568.0 1.6773485E7 5.3905994E7 
16 0.0: 188245.0 60230.0 534.0 5121784.0 5579992.0 709770.0 105246.0 1.18974062E8 1056568.0 1.6773485E7 5.375714E7 
17 0.0: 188245.0 59129.0 534.0 5121784.0 5579992.0 709770.0 105246.0 1.17224536E8 1056568.0 1.6773485E7 5.3227702E7 
18 0.0: 188245.0 59129.0 534.0 5121784.0 5579992.0 709770.0 105246.0 1.10179183E8 1056568.0 1.6773485E7 5.1763798E7 
19 0.0: 188245.0 56340.0 534.0 5121784.0 5579992.0 709770.0 105246.0 1.03613624E8 1056568.0 1.6773485E7 5.0540832E7 
20 0.0: 188245.0 56182.0 534.0 5121784.0 5579992.0 709770.0 105246.0 1.01664643E8 1056568.0 1.6773485E7 5.0178222E7 
21 0.0: 188245.0 56182.0 534.0 5121784.0 5579992.0 709770.0 105246.0 1.01397014E8 1056568.0 1.6773485E7 4.9321759E7 
22 0.0: 188245.0 56182.0 534.0 5121784.0 5579992.0 709770.0 105246.0 9.8589927E7 1056568.0 1.6773485E7 4.8819464E7 
23 0.0: 188245.0 56182.0 534.0 5121784.0 5579992.0 709770.0 105246.0 9.5587802E7 1056568.0 1.6773485E7 4.6626285E7 
24 0.0: 176727.0 56182.0 534.0 5121784.0 5579992.0 709770.0 105246.0 9.4683203E7 1056568.0 1.6773485E7 4.5568826E7 
25 0.0: 176599.0 56182.0 534.0 5121784.0 5579992.0 709770.0 105246.0 9.4677673E7 1056568.0 1.6773485E7 4.4973945E7 
26 0.0: 176365.0 56182.0 534.0 5121784.0 5579992.0 709770.0 105246.0 9.3744789E7 997720.0 1.6773485E7 4.3826016E7 
27 0.0: 175905.0 56182.0 534.0 5121784.0 5579992.0 709770.0 105246.0 9.1546815E7 989024.0 1.6773485E7 4.3799278E7 
28 0.0: 169817.0 56182.0 534.0 5121784.0 5579992.0 709770.0 105246.0 8.8615931E7 986457.0 1.6773485E7 4.3799278E7 
29 0.0: 166523.0 56182.0 534.0 5121784.0 5579992.0 709770.0 105246.0 8.6868687E7 986457.0 1.6773485E7 4.3799278E7 
30 0.0: 158851.0 56182.0 534.0 5121784.0 5579992.0 709770.0 105246.0 8.6220521E7 986457.0 1.6773485E7 4.3799278E7 
31 0.0: 155557.0 56182.0 534.0 5121784.0 5579992.0 709770.0 105246.0 8.5863537E7 986457.0 1.6773485E7 4.3799278E7 
32 0.0: 155175.0 56182.0 534.0 5121784.0 5579992.0 709770.0 105246.0 8.5830421E7 986457.0 1.6773485E7 4.3799278E7 
33 0.0: 155175.0 56182.0 534.0 5121784.0 5579992.0 709770.0 105246.0 8.5794313E7 986457.0 1.6773485E7 4.3799278E7 
34 0.0: 155175.0 56182.0 534.0 5121784.0 5579992.0 709770.0 105246.0 8.5783994E7 986457.0 1.6773485E7 4.3799278E7 
35 0.0: 155175.0 55942.0 534.0 5121784.0 5579992.0 709770.0 105246.0 8.5062418E7 986457.0 1.6773485E7 4.3799278E7 
36 0.0: 155175.0 55800.0 534.0 5121784.0 5171796.0 709770.0 105246.0 8.4836441E7 986457.0 1.6773485E7 4.3799278E7 
37 0.0: 147617.0 54546.0 534.0 5121784.0 5171796.0 709770.0 105246.0 8.4786773E7 986457.0 1.6773485E7 4.3799278E7 
38 0.0: 147617.0 53196.0 534.0 5121784.0 5171796.0 709770.0 105246.0 8.388778E7 986457.0 1.6773485E7 4.3611278E7 
39 0.0: 147617.0 52452.0 534.0 5121784.0 5171796.0 709770.0 105246.0 8.3589679E7 986457.0 1.6773485E7 4.3611278E7 
40 0.0: 147617.0 52452.0 534.0 5121784.0 5171796.0 709770.0 105246.0 8.3128377E7 986457.0 1.6773485E7 4.3611278E7 
41 0.0: 147617.0 52452.0 534.0 5121784.0 5171796.0 709770.0 105246.0 8.2743702E7 986457.0 1.6773485E7 4.3611278E7 
42 0.0: 147617.0 52452.0 534.0 5121784.0 5171796.0 709770.0 105246.0 8.2262002E7 986457.0 1.6773485E7 4.3611278E7 
43 0.0: 147617.0 52452.0 534.0 5121784.0 5171796.0 709770.0 105246.0 8.2034894E7 986457.0 1.6773485E7 4.3611278E7 
44 0.0: 147617.0 52452.0 534.0 5121784.0 5171796.0 709770.0 105246.0 8.128823E7 986457.0 1.6773485E7 4.3611278E7 
45 0.0: 147617.0 52452.0 534.0 4940732.0 5171796.0 709770.0 105246.0 8.0264264E7 986457.0 1.6773485E7 4.3611278E7 
46 0.0: 147617.0 52187.0 534.0 4861369.0 5171796.0 709770.0 105246.0 8.0241147E7 986457.0 1.6773485E7 4.3611278E7 
47 0.0: 147617.0 51901.0 534.0 4861369.0 5171796.0 709770.0 105246.0 7.9945395E7 986457.0 1.6773485E7 4.3611278E7 
48 0.0: 147617.0 51307.0 534.0 4861369.0 5171796.0 709770.0 105246.0 7.9630833E7 986457.0 1.6773485E7 4.3611278E7 
49 0.0: 147617.0 51174.0 534.0 4861369.0 5171796.0 709770.0 105246.0 7.9630833E7 986457.0 1.6773485E7 4.3611278E7 
50 0.0: 147617.0 51174.0 534.0 4861369.0 5171796.0 709770.0 105246.0 7.9519621E7 986457.0 1.6773485E7 4.3611278E7 
51 0.0: 147617.0 51174.0 534.0 4861369.0 5171796.0 709770.0 105246.0 7.9463075E7 986457.0 1.6773485E7 4.3611278E7 
52 0.0: 147617.0 51174.0 534.0 4861369.0 5171796.0 709770.0 105246.0 7.8821709E7 986457.0 1.6773485E7 4.3611278E7 
53 0.0: 147617.0 51174.0 534.0 4861369.0 5171796.0 709770.0 105246.0 7.8345985E7 986457.0 1.6773485E7 4.3611278E7 
54 0.0: 147617.0 51174.0 534.0 4861369.0 5171796.0 709770.0 105246.0 7.761992E7 986457.0 1.6773485E7 4.3611278E7 
55 0.0: 147617.0 51174.0 534.0 4861369.0 5171796.0 709770.0 105246.0 7.463228E7 986457.0 1.6773485E7 4.3611278E7 
56 0.0: 147617.0 51174.0 534.0 4861369.0 5171796.0 709770.0 105246.0 7.4528921E7 986457.0 1.6773485E7 4.3611278E7 
57 0.0: 147617.0 51174.0 534.0 4861369.0 5171796.0 709770.0 105246.0 7.3839939E7 873455.0 1.6773485E7 4.3611278E7 
58 0.0: 147617.0 51174.0 534.0 4861369.0 5171796.0 709770.0 105246.0 7.3585503E7 873455.0 1.6773485E7 4.3611278E7 
59 0.0: 147617.0 51174.0 534.0 4861369.0 5171796.0 709770.0 105246.0 7.3403172E7 873455.0 1.6773485E7 4.3611278E7 
60 0.0: 147153.0 51174.0 534.0 4861369.0 5171796.0 709770.0 105246.0 7.3210299E7 873455.0 1.6773485E7 4.3611278E7 
61 0.0: 147153.0 51174.0 534.0 4861369.0 5171796.0 709770.0 105246.0 7.3173994E7 873455.0 1.6773485E7 4.3611278E7 
62 0.0: 147153.0 51174.0 534.0 4861369.0 5171796.0 709770.0 105246.0 7.3173994E7 873455.0 1.6773485E7 4.3611278E7 
63 0.0: 147153.0 51174.0 534.0 4861369.0 5171796.0 709770.0 105246.0 7.3173994E7 873455.0 1.6773485E7 4.3611278E7 
64 0.0: 147153.0 51174.0 534.0 4861369.0 5171796.0 709770.0 105246.0 7.3173994E7 873455.0 1.6773485E7 4.3611278E7 
65 0.0: 147153.0 51174.0 534.0 4861369.0 5171796.0 709770.0 105246.0 7.3173994E7 873455.0 1.6773485E7 4.3611278E7 
66 0.0: 147153.0 51174.0 534.0 4861369.0 5171796.0 709770.0 105246.0 7.3173994E7 873455.0 1.6773485E7 4.3611278E7 
67 0.0: 147153.0 51174.0 534.0 4861369.0 5171796.0 709770.0 105246.0 7.3173994E7 873455.0 1.6773485E7 4.3611278E7 
68 0.0: 147153.0 51174.0 534.0 4861369.0 5171796.0 709770.0 105246.0 7.3173994E7 873455.0 1.6773485E7 4.3611278E7 
69 0.0: 147153.0 51174.0 534.0 4861369.0 5171796.0 709770.0 105246.0 7.3173994E7 873455.0 1.6773485E7 4.3611278E7 
70 0.0: 147153.0 50820.0 534.0 4861369.0 5171796.0 709770.0 105246.0 7.3173994E7 873455.0 1.6773485E7 4.3611278E7 
71 0.0: 147153.0 50534.0 534.0 4861369.0 5171796.0 709770.0 105246.0 7.3173994E7 873455.0 1.6773485E7 4.3611278E7 
72 0.0: 147153.0 50534.0 534.0 4861369.0 5171796.0 709770.0 105246.0 7.3173994E7 873455.0 1.6773485E7 4.3611278E7 
73 0.0: 147153.0 50534.0 534.0 4861369.0 5171796.0 709770.0 105246.0 7.3173994E7 873455.0 1.6773485E7 4.3611278E7 
74 0.0: 147153.0 50534.0 534.0 4861369.0 5171796.0 709770.0 105246.0 7.3173994E7 873455.0 1.6773485E7 4.3611278E7 
75 0.0: 147153.0 50534.0 534.0 4861369.0 5171796.0 709770.0 105246.0 7.3173994E7 873455.0 1.6773485E7 4.3611278E7 
76 0.0: 147153.0 50534.0 534.0 4861369.0 5171796.0 709770.0 105246.0 7.1878579E7 873455.0 1.6773485E7 4.3611278E7 
77 0.0: 147153.0 50534.0 534.0 4861369.0 5171796.0 709770.0 105246.0 7.1878579E7 873455.0 1.6773485E7 4.3611278E7 
78 0.0: 147153.0 50534.0 534.0 4861369.0 5171796.0 709770.0 105246.0 7.1878579E7 873455.0 1.6773485E7 4.3611278E7 
79 0.0: 147153.0 50534.0 534.0 4861369.0 5171796.0 709770.0 105246.0 7.1878579E7 873455.0 1.6773485E7 4.3611278E7 
80 0.0: 147153.0 50534.0 534.0 4861369.0 5171796.0 709770.0 105246.0 7.1878579E7 873455.0 1.6773485E7 4.3611278E7 
81 0.0: 147153.0 50534.0 534.0 4861369.0 5171796.0 709770.0 105246.0 7.1878579E7 873455.0 1.6773485E7 4.3611278E7 
82 0.0: 147153.0 50534.0 534.0 4861369.0 5171796.0 709770.0 105246.0 7.1878579E7 873455.0 1.6773485E7 4.3611278E7 
83 0.0: 147153.0 50534.0 534.0 4861369.0 5171796.0 709770.0 105246.0 7.1878579E7 873455.0 1.6773485E7 4.3611278E7 
84 0.0: 147153.0 50534.0 534.0 4861369.0 5171796.0 709770.0 105246.0 7.1878579E7 873455.0 1.6773485E7 4.3611278E7 
85 0.0: 147153.0 50534.0 534.0 4861369.0 5171796.0 709770.0 105246.0 7.1878579E7 873455.0 1.6773485E7 4.3611278E7 
86 0.0: 147153.0 50534.0 534.0 4861369.0 5171796.0 709770.0 105246.0 7.1878579E7 873455.0 1.6773485E7 4.3611278E7 
87 0.0: 147153.0 50534.0 534.0 4861369.0 5171796.0 709770.0 105246.0 7.1878579E7 873455.0 1.6773485E7 4.3611278E7 
88 0.0: 147153.0 50534.0 534.0 4861369.0 5171796.0 709770.0 105246.0 7.1878579E7 873455.0 1.6773485E7 4.3611278E7 
89 0.0: 147153.0 50534.0 534.0 4861369.0 5171796.0 709770.0 105246.0 7.1878579E7 873455.0 1.6773485E7 4.3611278E7 
90 0.0: 147153.0 50534.0 534.0 4861369.0 5171796.0 709770.0 105246.0 7.1878579E7 873455.0 1.6773485E7 4.3611278E7 
91 0.0: 147153.0 50534.0 534.0 4861369.0 5171796.0 709770.0 105246.0 7.1878579E7 873455.0 1.6773485E7 4.3611278E7 
92 0.0: 147153.0 50534.0 534.0 4861369.0 5171796.0 709770.0 105246.0 7.1878579E7 873455.0 1.6773485E7 4.3611278E7 
93 0.0: 147153.0 50534.0 534.0 4861369.0 5171796.0 709770.0 105246.0 7.1878579E7 873455.0 1.6773485E7 4.3611278E7 
94 0.0: 147153.0 50534.0 534.0 4861369.0 5171796.0 709770.0 105246.0 7.1878579E7 873455.0 1.6773485E7 4.3611278E7 
95 0.0: 147153.0 50534.0 534.0 4861369.0 5171796.0 709770.0 105246.0 7.1878579E7 873455.0 1.6773485E7 4.3611278E7 
96 0.0: 147153.0 50534.0 534.0 4861369.0 5171796.0 709770.0 105246.0 7.1878579E7 873455.0 1.6773485E7 4.3611278E7 
97 0.0: 147153.0 50534.0 534.0 4861369.0 5171796.0 709770.0 105246.0 7.1516641E7 873455.0 1.6773485E7 4.3611278E7 
98 0.0: 147153.0 50534.0 534.0 4861369.0 5171796.0 709770.0 105246.0 7.1223665E7 873455.0 1.6773485E7 4.3611278E7 
99 0.0: 147153.0 50534.0 534.0 4861369.0 5171796.0 709770.0 105246.0 7.1223665E7 873455.0 1.6773485E7 4.3611278E7 
100 0.0: 147153.0 50534.0 534.0 4861369.0 5171796.0 709770.0 105246.0 7.1223665E7 873455.0 1.6773485E7 4.3611278E7 
101 0.0: 147153.0 50534.0 534.0 4861369.0 5171796.0 709770.0 105246.0 7.1223665E7 873455.0 1.6773485E7 4.3611278E7 
102 0.0: 147153.0 50534.0 534.0 4861369.0 5171796.0 709770.0 105246.0 7.1223665E7 873455.0 1.6773485E7 4.3611278E7 
103 0.0: 147153.0 50534.0 534.0 4861369.0 5171796.0 709770.0 105246.0 7.1223665E7 873455.0 1.6773485E7 4.3611278E7 
104 0.0: 147153.0 50534.0 534.0 4861369.0 5171796.0 709770.0 105246.0 7.1223665E7 873455.0 1.6773485E7 4.3611278E7 
105 0.0: 147153.0 50534.0 534.0 4861369.0 5171796.0 709770.0 105246.0 7.1223665E7 873455.0 1.6773485E7 4.3611278E7 
106 0.0: 147153.0 50534.0 534.0 4861369.0 5171796.0 709770.0 105246.0 7.1223665E7 873455.0 1.6773485E7 4.3611278E7 
107 0.0: 147153.0 50534.0 534.0 4861369.0 5171796.0 709770.0 105246.0 7.1223665E7 873455.0 1.6773485E7 4.3611278E7 
108 0.0: 147153.0 50534.0 534.0 4861369.0 5171796.0 709770.0 105246.0 7.1223665E7 873455.0 1.6773485E7 4.3611278E7 
109 0.0: 147153.0 50534.0 534.0 4861369.0 5171796.0 709770.0 105246.0 7.1223665E7 873455.0 1.6773485E7 4.3611278E7 
110 0.0: 147153.0 50534.0 534.0 4861369.0 5171796.0 709770.0 105246.0 7.1223665E7 873455.0 1.6773485E7 4.3611278E7 
111 0.0: 147153.0 50534.0 534.0 4861369.0 5171796.0 709770.0 105246.0 7.1223665E7 873455.0 1.6773485E7 4.3611278E7 
112 0.0: 147153.0 50534.0 534.0 4861369.0 5171796.0 709770.0 105246.0 7.1223665E7 873455.0 1.6773485E7 4.3611278E7 
113 0.0: 147153.0 50534.0 534.0 4861369.0 5171796.0 709770.0 105246.0 7.1223665E7 873455.0 1.6773485E7 4.3611278E7 
114 0.0: 147153.0 50534.0 534.0 4861369.0 5171796.0 709770.0 105246.0 7.1223665E7 873455.0 1.6773485E7 4.3611278E7 
115 0.0: 147153.0 50534.0 534.0 4861369.0 5171796.0 709770.0 105246.0 7.1223665E7 873455.0 1.6773485E7 4.3611278E7 
116 0.0: 147153.0 50534.0 534.0 4861369.0 5171796.0 709770.0 105246.0 7.1223665E7 873455.0 1.6773485E7 4.3611278E7 
117 0.0: 147153.0 50534.0 534.0 4861369.0 5171796.0 709770.0 105246.0 7.1223665E7 873455.0 1.6773485E7 4.3611278E7 
118 0.0: 147153.0 50534.0 534.0 4861369.0 5171796.0 709770.0 105246.0 7.1223665E7 873455.0 1.6773485E7 4.3611278E7 
119 0.0: 147153.0 50534.0 534.0 4861369.0 5171796.0 709770.0 105246.0 7.1223665E7 873455.0 1.6773485E7 4.3611278E7 
120 0.0: 147153.0 50534.0 534.0 4861369.0 5171796.0 709770.0 105246.0 7.1223665E7 873455.0 1.6773485E7 4.3611278E7 
121 0.0: 147153.0 50534.0 534.0 4861369.0 5171796.0 709770.0 105246.0 7.1223665E7 873455.0 1.6773485E7 4.3611278E7 
122 0.0: 147153.0 50534.0 534.0 4861369.0 5171796.0 709770.0 105246.0 7.1223665E7 873455.0 1.6773485E7 4.3611278E7 
123 0.0: 147153.0 50534.0 534.0 4861369.0 5171796.0 709770.0 105246.0 7.1223665E7 873455.0 1.6773485E7 4.3611278E7 
124 0.0: 147153.0 50534.0 534.0 4861369.0 5171796.0 709770.0 105246.0 7.1223665E7 873455.0 1.6773485E7 4.3611278E7 
Thoi gian chay: 517.162 giay
