0 0.0: 364981.0 77599.0 586.0 7422950.0 6731974.0 709770.0 171081.0 1.479741E8 1407727.0 2.6131921E7 8.110096E7 
1 0.0: 357187.0 76645.0 586.0 7322330.0 5930074.0 709770.0 145636.0 1.44737305E8 1095143.0 2.4847161E7 8.1054772E7 
2 0.0: 334761.0 75611.0 586.0 6991894.0 5180578.0 709770.0 142472.0 1.44614444E8 1040741.0 2.3055676E7 7.5067063E7 
3 0.0: 328245.0 73978.0 586.0 6934841.0 5161710.0 709770.0 142472.0 1.44319092E8 1040741.0 2.2160837E7 7.373092E7 
4 0.0: 320273.0 71369.0 586.0 6810864.0 5049574.0 709770.0 142472.0 1.42659479E8 1040741.0 2.1893765E7 7.3549324E7 
5 0.0: 309655.0 70627.0 586.0 6512408.0 5045744.0 709770.0 142472.0 1.31743055E8 1040741.0 2.146369E7 6.9528724E7 
6 0.0: 302501.0 69787.0 586.0 6453984.0 5045744.0 709770.0 142472.0 1.31142268E8 1040741.0 2.1062247E7 6.9276812E7 
7 0.0: 297919.0 67385.0 586.0 6453984.0 4700552.0 709770.0 142472.0 1.30466359E8 1040741.0 2.0762272E7 6.6630978E7 
8 0.0: 286011.0 66628.0 586.0 6453984.0 4700552.0 709770.0 142472.0 1.29667055E8 1040741.0 2.0537349E7 6.4240001E7 
9 0.0: 278767.0 66522.0 586.0 6453984.0 4700552.0 709770.0 142472.0 1.23995557E8 1040741.0 1.9477699E7 6.3970072E7 
10 0.0: 242713.0 65832.0 586.0 6453984.0 4700552.0 709770.0 142472.0 1.23398895E8 1040741.0 1.921098E7 5.8556654E7 
11 0.0: 220175.0 65832.0 586.0 6453984.0 4514398.0 709770.0 142472.0 1.23248105E8 1040741.0 1.7512354E7 5.746029E7 
12 0.0: 218779.0 65832.0 586.0 6453984.0 4514398.0 709770.0 142472.0 1.22810278E8 1040741.0 1.750317E7 5.6471773E7 
13 0.0: 218779.0 65832.0 586.0 6453984.0 4514398.0 709770.0 142472.0 1.22425827E8 1040741.0 1.745617E7 5.5370865E7 
14 0.0: 218779.0 65832.0 586.0 6453984.0 4514398.0 709770.0 142472.0 1.1845612E8 1040741.0 1.5018508E7 5.3947527E7 
15 0.0: 211661.0 65832.0 586.0 6453984.0 4514398.0 709770.0 142472.0 1.17788101E8 1040741.0 1.4676162E7 5.3726378E7 
16 0.0: 211661.0 58174.0 586.0 6453984.0 4514398.0 709770.0 142472.0 1.17447458E8 1040741.0 1.4676162E7 5.2153521E7 
17 0.0: 211661.0 58024.0 586.0 6453984.0 4514398.0 709770.0 142472.0 1.16946707E8 1040741.0 1.4676162E7 5.1789041E7 
18 0.0: 211661.0 57088.0 586.0 6453984.0 4514398.0 709770.0 142472.0 1.11897313E8 1040741.0 1.4676162E7 5.1609866E7 
19 0.0: 211661.0 57088.0 586.0 6453984.0 4514398.0 709770.0 142472.0 1.11633713E8 1040741.0 1.4676162E7 5.1422086E7 
20 0.0: 211661.0 57088.0 586.0 6453984.0 4514398.0 709770.0 142472.0 1.11605156E8 1040741.0 1.4676162E7 4.945559E7 
21 0.0: 211661.0 57088.0 586.0 6453984.0 4514398.0 709770.0 142472.0 1.07933061E8 1040741.0 1.4676162E7 4.9202518E7 
22 0.0: 211661.0 57088.0 586.0 6453984.0 4514398.0 709770.0 122390.0 1.07751226E8 1040741.0 1.4676162E7 4.8586008E7 
23 0.0: 211661.0 57088.0 586.0 6453984.0 4514398.0 709770.0 122390.0 1.07440301E8 1040741.0 1.4676162E7 4.6934594E7 
24 0.0: 211661.0 57088.0 586.0 6453984.0 4514398.0 709770.0 122390.0 1.05011478E8 1040741.0 1.4676162E7 4.6774216E7 
25 0.0: 211661.0 57088.0 586.0 6453984.0 4514398.0 709770.0 122390.0 1.02582569E8 1040741.0 1.4676162E7 4.6774216E7 
26 0.0: 211661.0 57088.0 586.0 6453984.0 4074850.0 709770.0 122390.0 1.02538403E8 1040741.0 1.4676162E7 4.4782578E7 
27 0.0: 200787.0 57088.0 586.0 6453984.0 3990312.0 709770.0 122390.0 1.02285556E8 1040741.0 1.4676162E7 4.4674739E7 
28 0.0: 195003.0 57088.0 586.0 6426704.0 3746480.0 709770.0 122390.0 1.01484761E8 1040741.0 1.4676162E7 4.45684E7 
29 0.0: 180309.0 57088.0 586.0 6426704.0 3730438.0 709770.0 122390.0 1.01254777E8 1040741.0 1.4676162E7 4.3183346E7 
30 0.0: 180309.0 57088.0 586.0 6426704.0 3680400.0 709770.0 122390.0 1.00870409E8 1040741.0 1.4676162E7 4.2206734E7 
31 0.0: 180309.0 57088.0 586.0 6426704.0 3680400.0 709770.0 122390.0 1.00828031E8 1040741.0 1.4676162E7 4.1891149E7 
32 0.0: 180309.0 57088.0 586.0 6426704.0 3680400.0 709770.0 122390.0 9.818037E7 1040741.0 1.4676162E7 4.184822E7 
33 0.0: 180309.0 57088.0 586.0 6426704.0 3680400.0 709770.0 122390.0 9.7735228E7 1040741.0 1.4676162E7 3.7129091E7 
34 0.0: 180309.0 57088.0 586.0 6426704.0 3680400.0 709770.0 122390.0 9.7381328E7 1040741.0 1.4676162E7 3.690984E7 
35 0.0: 180309.0 57088.0 586.0 6426704.0 3680400.0 709770.0 122390.0 9.6568435E7 1040741.0 1.4676162E7 3.6189823E7 
36 0.0: 180309.0 57088.0 586.0 6426704.0 3680400.0 709770.0 122390.0 9.5829093E7 1040741.0 1.4676162E7 3.6102312E7 
37 0.0: 180309.0 57088.0 586.0 6426704.0 3680400.0 709770.0 122390.0 9.5703866E7 1040741.0 1.4676162E7 3.6078926E7 
38 0.0: 180309.0 57088.0 586.0 6426704.0 3680400.0 709770.0 122390.0 9.5631809E7 1040741.0 1.4676162E7 3.5986749E7 
39 0.0: 180309.0 57088.0 586.0 6426704.0 3680400.0 709770.0 122390.0 9.5034695E7 1040741.0 1.4676162E7 3.4630055E7 
40 0.0: 180309.0 57088.0 586.0 6426704.0 3680400.0 709770.0 122390.0 9.3309098E7 1040741.0 1.4676162E7 3.3879336E7 
41 0.0: 180309.0 57088.0 586.0 6426704.0 3680400.0 709770.0 122390.0 9.2743921E7 1040741.0 1.4676162E7 3.3761823E7 
42 0.0: 180309.0 57088.0 586.0 6426704.0 3680400.0 709770.0 122390.0 9.2227346E7 1040741.0 1.4676162E7 3.3761823E7 
43 0.0: 180309.0 57088.0 586.0 6426704.0 3680400.0 709770.0 122390.0 9.1198896E7 1040741.0 1.4676162E7 3.3761823E7 
44 0.0: 180309.0 57088.0 586.0 6279011.0 3680400.0 709770.0 122390.0 8.594775E7 913341.0 1.4676162E7 3.3761823E7 
45 0.0: 180309.0 57088.0 586.0 6279011.0 3680400.0 709770.0 122390.0 8.5824624E7 913341.0 1.4676162E7 3.3761823E7 
46 0.0: 180309.0 57088.0 586.0 5188945.0 3680400.0 709770.0 122390.0 8.53556E7 913341.0 1.4676162E7 3.3761823E7 
47 0.0: 180309.0 57088.0 586.0 5056490.0 3680400.0 709770.0 122390.0 8.5280476E7 913341.0 1.4676162E7 3.3761823E7 
48 0.0: 180309.0 57088.0 586.0 5020725.0 3680400.0 709770.0 122390.0 8.5243557E7 913341.0 1.4676162E7 3.3761823E7 
49 0.0: 180309.0 57088.0 586.0 5020725.0 3680400.0 709770.0 122390.0 8.4148242E7 913341.0 1.4676162E7 3.3761823E7 
50 0.0: 180309.0 57088.0 586.0 5020725.0 3680400.0 709770.0 122390.0 8.4095161E7 913341.0 1.4676162E7 3.3761823E7 
51 0.0: 180309.0 57088.0 586.0 5020725.0 3680400.0 709770.0 122390.0 8.2680274E7 913341.0 1.4676162E7 3.3761823E7 
52 0.0: 180309.0 57088.0 586.0 5020725.0 3680400.0 709770.0 122390.0 8.2480825E7 913341.0 1.4676162E7 3.3761823E7 
53 0.0: 180309.0 57088.0 586.0 5020725.0 3680400.0 709770.0 122390.0 7.982671E7 913341.0 1.4676162E7 3.3761823E7 
54 0.0: 180309.0 57088.0 586.0 5020725.0 3680400.0 709770.0 122390.0 7.9666228E7 913341.0 1.4676162E7 3.3761823E7 
55 0.0: 180309.0 57088.0 586.0 5020725.0 3680400.0 709770.0 122390.0 7.9114415E7 913341.0 1.4676162E7 3.3761823E7 
56 0.0: 180309.0 57088.0 586.0 5020725.0 3680400.0 709770.0 122390.0 7.88501E7 913341.0 1.4676162E7 3.353511E7 
57 0.0: 180309.0 57088.0 586.0 5020725.0 3680400.0 709770.0 122390.0 7.8776487E7 913341.0 1.4676162E7 3.353511E7 
58 0.0: 180309.0 57088.0 586.0 5020725.0 3680400.0 709770.0 122390.0 7.8624953E7 913341.0 1.4676162E7 3.353511E7 
59 0.0: 180309.0 57088.0 586.0 5020725.0 3680400.0 709770.0 122390.0 7.4688085E7 913341.0 1.4676162E7 3.353511E7 
60 0.0: 180309.0 57088.0 586.0 5020725.0 3680400.0 709770.0 122390.0 7.4652622E7 913341.0 1.4676162E7 3.353511E7 
61 0.0: 180309.0 57088.0 586.0 5020725.0 3680400.0 709770.0 122390.0 7.4277294E7 913341.0 1.4676162E7 3.353511E7 
62 0.0: 180309.0 57088.0 586.0 5020725.0 3680400.0 709770.0 122390.0 7.31439E7 913341.0 1.4676162E7 3.353511E7 
63 0.0: 180309.0 57088.0 586.0 5020725.0 3680400.0 709770.0 122390.0 7.2108743E7 913341.0 1.430162E7 3.353511E7 
64 0.0: 180309.0 57088.0 586.0 5020725.0 3680400.0 709770.0 122390.0 7.2108743E7 913341.0 1.4236841E7 3.353511E7 
65 0.0: 180309.0 57088.0 586.0 5020725.0 3680400.0 709770.0 122390.0 7.2108743E7 913341.0 1.4236841E7 3.353511E7 
66 0.0: 180309.0 57088.0 586.0 5020725.0 3680400.0 709770.0 122390.0 7.2108743E7 913341.0 1.4236841E7 3.353511E7 
67 0.0: 180309.0 57088.0 586.0 5020725.0 3680400.0 709770.0 122390.0 7.2108743E7 913341.0 1.4236841E7 3.353511E7 
68 0.0: 180309.0 57088.0 586.0 5020725.0 3680400.0 709770.0 122390.0 7.2108743E7 913341.0 1.4236841E7 3.353511E7 
69 0.0: 180309.0 57088.0 586.0 5020725.0 3680400.0 709770.0 122390.0 7.2108743E7 913341.0 1.4236841E7 3.353511E7 
70 0.0: 180309.0 57088.0 586.0 5020725.0 3680400.0 709770.0 122390.0 7.2108743E7 913341.0 1.4236841E7 3.353511E7 
71 0.0: 180309.0 57088.0 586.0 5020725.0 3680400.0 709770.0 122390.0 7.2108743E7 913341.0 1.4236841E7 3.353511E7 
72 0.0: 180309.0 57088.0 586.0 5020725.0 3680400.0 709770.0 122390.0 7.2108743E7 913341.0 1.4236841E7 3.353511E7 
73 0.0: 180309.0 57088.0 586.0 5020725.0 3680400.0 709770.0 122390.0 7.2108743E7 913341.0 1.4236841E7 3.353511E7 
74 0.0: 180309.0 57088.0 586.0 5020725.0 3680400.0 709770.0 122390.0 7.2108743E7 913341.0 1.4236841E7 3.353511E7 
75 0.0: 180309.0 57088.0 586.0 5020725.0 3680400.0 709770.0 122390.0 7.2108743E7 913341.0 1.4236841E7 3.353511E7 
76 0.0: 180309.0 57088.0 586.0 5020725.0 3680400.0 709770.0 122390.0 7.2108743E7 913341.0 1.4236841E7 3.353511E7 
77 0.0: 180309.0 57088.0 586.0 5020725.0 3680400.0 709770.0 122390.0 7.2108743E7 913341.0 1.4236841E7 3.353511E7 
78 0.0: 180309.0 57088.0 586.0 5020725.0 3680400.0 709770.0 122390.0 7.2108743E7 913341.0 1.4236841E7 3.353511E7 
79 0.0: 155679.0 57088.0 586.0 5020725.0 3680400.0 709770.0 122390.0 7.2108743E7 913341.0 1.4236841E7 3.353511E7 
80 0.0: 152771.0 57088.0 586.0 5020725.0 3680400.0 709770.0 122390.0 7.2108743E7 913341.0 1.4236841E7 3.353511E7 
81 0.0: 152771.0 57088.0 586.0 5020725.0 3680400.0 709770.0 122390.0 7.2108743E7 913341.0 1.4236841E7 3.353511E7 
82 0.0: 152771.0 57088.0 586.0 5020725.0 3680400.0 709770.0 122390.0 7.2108743E7 913341.0 1.4236841E7 3.353511E7 
83 0.0: 152771.0 57088.0 586.0 5020725.0 3680400.0 709770.0 122390.0 7.2108743E7 861565.0 1.4236841E7 3.353511E7 
84 0.0: 152771.0 57088.0 586.0 5020725.0 3680400.0 709770.0 122390.0 7.2108743E7 861565.0 1.4236841E7 3.353511E7 
85 0.0: 152771.0 57088.0 586.0 5020725.0 3680400.0 709770.0 122390.0 7.2108743E7 861565.0 1.4236841E7 3.353511E7 
86 0.0: 152771.0 57088.0 586.0 5020725.0 3680400.0 709770.0 122390.0 7.2108743E7 861565.0 1.4236841E7 3.353511E7 
87 0.0: 152771.0 57088.0 586.0 5020725.0 3680400.0 709770.0 122390.0 7.2108743E7 861565.0 1.4236841E7 3.353511E7 
88 0.0: 152771.0 57088.0 586.0 5020725.0 3680400.0 709770.0 122390.0 7.2108743E7 861565.0 1.4236841E7 3.353511E7 
89 0.0: 152771.0 57088.0 586.0 5020725.0 3680400.0 709770.0 122390.0 7.2108743E7 861565.0 1.4236841E7 3.353511E7 
90 0.0: 152027.0 57088.0 586.0 5020725.0 3680400.0 709770.0 122390.0 7.2108743E7 861565.0 1.4236841E7 3.353511E7 
91 0.0: 152027.0 57088.0 586.0 5020725.0 3680400.0 709770.0 122390.0 7.2108743E7 861565.0 1.4236841E7 3.353511E7 
92 0.0: 152027.0 57088.0 586.0 5020725.0 3680400.0 709770.0 122390.0 7.2108743E7 861565.0 1.4236841E7 3.353511E7 
93 0.0: 152027.0 57088.0 586.0 5020725.0 3680400.0 709770.0 122390.0 7.2108743E7 861565.0 1.3167591E7 3.353511E7 
94 0.0: 152027.0 57088.0 586.0 5020725.0 3680400.0 709770.0 122390.0 7.2108743E7 861565.0 1.3167591E7 3.353511E7 
95 0.0: 152027.0 57088.0 586.0 5020725.0 3680400.0 708090.0 122390.0 7.2108743E7 861565.0 1.3167591E7 3.353511E7 
96 0.0: 152027.0 52489.0 586.0 5020725.0 3680400.0 708090.0 122390.0 7.2108743E7 861565.0 1.3167591E7 3.353511E7 
97 0.0: 152027.0 52207.0 586.0 5020725.0 3680400.0 708090.0 122390.0 7.2108743E7 861565.0 1.3167591E7 3.353511E7 
98 0.0: 152027.0 51558.0 586.0 5020725.0 3680400.0 708090.0 122390.0 7.2108743E7 861565.0 1.3167591E7 3.353511E7 
99 0.0: 152027.0 50838.0 586.0 5020725.0 3680400.0 708090.0 122390.0 7.2108743E7 861565.0 1.3167591E7 3.353511E7 
100 0.0: 152027.0 50838.0 586.0 5020725.0 3680400.0 708090.0 122390.0 7.2108743E7 861565.0 1.3167591E7 3.353511E7 
101 0.0: 152027.0 50838.0 586.0 5020725.0 3680400.0 708090.0 122390.0 7.2108743E7 861565.0 1.3167591E7 3.353511E7 
102 0.0: 152027.0 50838.0 586.0 5020725.0 3680400.0 708090.0 122390.0 7.0820695E7 861565.0 1.3167591E7 3.353511E7 
103 0.0: 152027.0 50838.0 586.0 5020725.0 3680400.0 708090.0 122390.0 7.0820695E7 861565.0 1.3167591E7 3.353511E7 
104 0.0: 152027.0 50838.0 586.0 5020725.0 3680400.0 708090.0 122390.0 7.0820695E7 861565.0 1.3167591E7 3.353511E7 
105 0.0: 152027.0 50838.0 586.0 5020725.0 3680400.0 708090.0 122390.0 7.0820695E7 861565.0 1.3167591E7 3.353511E7 
106 0.0: 152027.0 50838.0 586.0 5020725.0 3680400.0 708090.0 122390.0 7.0820695E7 861565.0 1.3167591E7 3.353511E7 
107 0.0: 152027.0 50838.0 586.0 5020725.0 3680400.0 708090.0 122390.0 7.0820695E7 861565.0 1.3167591E7 3.353511E7 
108 0.0: 152027.0 50838.0 586.0 5020725.0 3680400.0 708090.0 122390.0 7.0820695E7 861565.0 1.3167591E7 3.353511E7 
109 0.0: 152027.0 50838.0 586.0 5020725.0 3680400.0 708090.0 122390.0 7.0820695E7 861565.0 1.3167591E7 3.353511E7 
110 0.0: 152027.0 50838.0 586.0 5020725.0 3680400.0 708090.0 122390.0 7.0820695E7 861565.0 1.3167591E7 3.353511E7 
111 0.0: 152027.0 50838.0 586.0 5020725.0 3680400.0 708090.0 122390.0 7.0820695E7 861565.0 1.3167591E7 3.353511E7 
112 0.0: 152027.0 50838.0 586.0 5020725.0 3680400.0 708090.0 122390.0 7.0578746E7 861565.0 1.3167591E7 3.353511E7 
113 0.0: 152027.0 50838.0 586.0 5020725.0 3680400.0 708090.0 122390.0 6.9957339E7 861565.0 1.3167591E7 3.353511E7 
114 0.0: 152027.0 50838.0 586.0 5020725.0 3680400.0 708090.0 122390.0 6.9957339E7 861565.0 1.3167591E7 3.353511E7 
115 0.0: 152027.0 50838.0 586.0 5020725.0 3680400.0 708090.0 122390.0 6.9648141E7 861565.0 1.3167591E7 3.353511E7 
116 0.0: 152027.0 50838.0 586.0 5020725.0 3680400.0 708090.0 122390.0 6.8802982E7 861565.0 1.3167591E7 3.353511E7 
117 0.0: 152027.0 50838.0 586.0 5020725.0 3680400.0 708090.0 122390.0 6.8802982E7 861565.0 1.3167591E7 3.353511E7 
118 0.0: 152027.0 50838.0 586.0 5020725.0 3680400.0 708090.0 122390.0 6.8802982E7 861565.0 1.3167591E7 3.353511E7 
119 0.0: 152027.0 50838.0 586.0 5020725.0 3680400.0 708090.0 122390.0 6.8802982E7 861565.0 1.3167591E7 3.353511E7 
120 0.0: 152027.0 50838.0 586.0 5020725.0 3680400.0 708090.0 122390.0 6.8802982E7 861565.0 1.3167591E7 3.353511E7 
121 0.0: 152027.0 50838.0 586.0 5020725.0 3680400.0 708090.0 122390.0 6.8802982E7 861565.0 1.3167591E7 3.353511E7 
122 0.0: 152027.0 50838.0 586.0 5020725.0 3680400.0 708090.0 122390.0 6.8802982E7 861565.0 1.3167591E7 3.353511E7 
123 0.0: 152027.0 50838.0 586.0 5020725.0 3680400.0 708090.0 122390.0 6.8802982E7 861565.0 1.3167591E7 3.353511E7 
124 0.0: 152027.0 50838.0 586.0 5020725.0 3680400.0 708090.0 122390.0 6.8802982E7 861565.0 1.3167591E7 3.353511E7 
125 0.0: 152027.0 50838.0 586.0 5020725.0 3680400.0 708090.0 122390.0 6.8802982E7 861565.0 1.3167591E7 3.353511E7 
126 0.0: 152027.0 50838.0 586.0 5020725.0 3680400.0 708090.0 122390.0 6.8802982E7 861565.0 1.3167591E7 3.353511E7 
127 0.0: 152027.0 50838.0 586.0 5020725.0 3680400.0 708090.0 122390.0 6.8802982E7 861565.0 1.3167591E7 3.353511E7 
128 0.0: 152027.0 50838.0 586.0 5020725.0 3680400.0 708090.0 122390.0 6.8802982E7 861565.0 1.3167591E7 3.353511E7 
129 0.0: 152027.0 50838.0 586.0 5020725.0 3680400.0 708090.0 122390.0 6.8802982E7 861565.0 1.3167591E7 3.353511E7 
130 0.0: 152027.0 50838.0 586.0 5020725.0 3680400.0 708090.0 122390.0 6.8802982E7 861565.0 1.3167591E7 3.353511E7 
131 0.0: 152027.0 50838.0 586.0 5020725.0 3680400.0 708090.0 122390.0 6.8802982E7 861565.0 1.3167591E7 3.353511E7 
132 0.0: 152027.0 50838.0 586.0 5020725.0 3680400.0 708090.0 122390.0 6.8802982E7 861565.0 1.3167591E7 3.353511E7 
133 0.0: 152027.0 50838.0 586.0 5020725.0 3680400.0 708090.0 122390.0 6.8802982E7 861565.0 1.3167591E7 3.353511E7 
134 0.0: 152027.0 50838.0 586.0 5020725.0 3680400.0 708090.0 122390.0 6.8802982E7 861565.0 1.3167591E7 3.353511E7 
135 0.0: 152027.0 50838.0 586.0 5020725.0 3680400.0 708090.0 122390.0 6.8802982E7 847681.0 1.3167591E7 3.353511E7 
136 0.0: 152027.0 50838.0 586.0 5020725.0 3680400.0 708090.0 122390.0 6.8802982E7 847681.0 1.3167591E7 3.353511E7 
137 0.0: 152027.0 50838.0 586.0 5020725.0 3680400.0 708090.0 122390.0 6.8802982E7 847681.0 1.3167591E7 3.353511E7 
138 0.0: 152027.0 50838.0 586.0 5020725.0 3680400.0 708090.0 122390.0 6.861433E7 847681.0 1.3167591E7 3.353511E7 
139 0.0: 152027.0 50562.0 586.0 5020725.0 3680400.0 708090.0 122390.0 6.861433E7 847681.0 1.3167591E7 3.353511E7 
140 0.0: 152027.0 50562.0 586.0 5020725.0 3680400.0 708090.0 122390.0 6.861433E7 847681.0 1.3167591E7 3.353511E7 
141 0.0: 152027.0 50562.0 586.0 5020725.0 3680400.0 708090.0 122390.0 6.861433E7 847681.0 1.3167591E7 3.353511E7 
142 0.0: 152027.0 50562.0 586.0 5020725.0 3680400.0 708090.0 122390.0 6.861433E7 847681.0 1.3167591E7 3.353511E7 
143 0.0: 152027.0 50562.0 586.0 5020725.0 3680400.0 708090.0 122390.0 6.861433E7 847681.0 1.3167591E7 3.353511E7 
144 0.0: 152027.0 50562.0 586.0 5020725.0 3680400.0 708090.0 122390.0 6.861433E7 847681.0 1.3167591E7 3.353511E7 
145 0.0: 152027.0 50562.0 586.0 5020725.0 3680400.0 708090.0 122390.0 6.861433E7 847681.0 1.3167591E7 3.353511E7 
146 0.0: 152027.0 50562.0 586.0 5020725.0 3680400.0 708090.0 122390.0 6.861433E7 847681.0 1.3167591E7 3.353511E7 
147 0.0: 152027.0 50562.0 586.0 5020725.0 3680400.0 708090.0 122390.0 6.861433E7 847681.0 1.3167591E7 3.353511E7 
148 0.0: 152027.0 50562.0 586.0 5020725.0 3680400.0 708090.0 122390.0 6.861433E7 847681.0 1.3167591E7 3.353511E7 
149 0.0: 152027.0 50562.0 586.0 5020725.0 3680400.0 708090.0 122390.0 6.861433E7 847681.0 1.3167591E7 3.353511E7 
150 0.0: 152027.0 50562.0 586.0 5020725.0 3680400.0 708090.0 122390.0 6.861433E7 847681.0 1.3167591E7 3.353511E7 
151 0.0: 152027.0 50562.0 586.0 5020725.0 3680400.0 708090.0 122390.0 6.861433E7 847681.0 1.3167591E7 3.353511E7 
152 0.0: 152027.0 50562.0 586.0 5020725.0 3680400.0 708090.0 122390.0 6.861433E7 847681.0 1.3167591E7 3.353511E7 
153 0.0: 152027.0 50562.0 586.0 5020725.0 3680400.0 708090.0 122390.0 6.861433E7 847681.0 1.3167591E7 3.353511E7 
154 0.0: 152027.0 50562.0 586.0 5020725.0 3680400.0 708090.0 122390.0 6.861433E7 847681.0 1.3167591E7 3.353511E7 
155 0.0: 152027.0 50562.0 586.0 5020725.0 3680400.0 708090.0 122390.0 6.861433E7 847681.0 1.3167591E7 3.353511E7 
156 0.0: 152027.0 50562.0 586.0 5020725.0 3680400.0 708090.0 122390.0 6.861433E7 847681.0 1.3167591E7 3.353511E7 
157 0.0: 152027.0 50562.0 586.0 5020725.0 3680400.0 708090.0 122390.0 6.861433E7 847681.0 1.3167591E7 3.353511E7 
158 0.0: 152027.0 50562.0 586.0 5020725.0 3680400.0 708090.0 122390.0 6.861433E7 847681.0 1.3167591E7 3.353511E7 
159 0.0: 152027.0 50562.0 586.0 5020725.0 3680400.0 708090.0 122390.0 6.861433E7 847681.0 1.3167591E7 3.353511E7 
Thoi gian chay: 622.954 giay
