0 0.0: 319605.0 72187.0 586.0 5570212.0 8019754.0 709770.0 167565.0 1.65142677E8 1392690.0 2.6233226E7 8.1422309E7 
1 0.0: 318515.0 72119.0 586.0 5361690.0 8011154.0 709770.0 146300.0 1.63741382E8 1323689.0 2.2487564E7 7.8912951E7 
2 0.0: 315535.0 70741.0 586.0 5277215.0 7326982.0 709770.0 146300.0 1.59816222E8 1118639.0 2.2069392E7 7.5015079E7 
3 0.0: 308035.0 68843.0 586.0 5228428.0 6902326.0 709770.0 146300.0 1.39100298E8 1092218.0 2.1521328E7 7.4241127E7 
4 0.0: 303977.0 68649.0 586.0 5181699.0 6739134.0 709770.0 146300.0 1.38012463E8 1000797.0 2.1385882E7 7.4063776E7 
5 0.0: 249091.0 66677.0 586.0 5181699.0 6631134.0 709770.0 146300.0 1.37907493E8 1000797.0 2.0037367E7 7.3373133E7 
6 0.0: 245495.0 64520.0 586.0 5181699.0 6534862.0 709770.0 146300.0 1.37467386E8 1000797.0 1.7187114E7 7.0670472E7 
7 0.0: 228387.0 62930.0 586.0 5181699.0 6505838.0 709770.0 146300.0 1.31408413E8 1000797.0 1.7132068E7 7.0342384E7 
8 0.0: 224003.0 62816.0 586.0 5181699.0 6502874.0 709770.0 146300.0 1.30659222E8 1000797.0 1.7030689E7 6.937823E7 
9 0.0: 222599.0 58150.0 586.0 5181699.0 6502874.0 709770.0 146300.0 1.26830198E8 1000797.0 1.6429764E7 6.9331033E7 
10 0.0: 217863.0 52614.0 586.0 5148901.0 6502874.0 709770.0 146300.0 1.18020883E8 1000797.0 1.6248384E7 6.4863643E7 
11 0.0: 205223.0 51710.0 586.0 5136633.0 4563268.0 709770.0 146300.0 1.17267583E8 1000797.0 1.5766963E7 6.4056176E7 
12 0.0: 193645.0 51710.0 586.0 5136633.0 4553496.0 709770.0 146300.0 1.15149051E8 1000797.0 1.5653716E7 6.3732536E7 
13 0.0: 193645.0 51710.0 586.0 5136633.0 4462864.0 709770.0 146300.0 1.13533409E8 1000797.0 1.5476719E7 6.0678768E7 
14 0.0: 193645.0 51710.0 586.0 5136633.0 4335666.0 709770.0 146300.0 1.12055894E8 1000797.0 1.516198E7 6.0585029E7 
15 0.0: 192385.0 51710.0 586.0 5136633.0 4259786.0 709770.0 146300.0 1.11714251E8 1000797.0 1.5132626E7 5.2105067E7 
16 0.0: 192385.0 51710.0 586.0 5136633.0 4216810.0 709770.0 146300.0 1.11590131E8 1000797.0 1.5132626E7 5.1332539E7 
17 0.0: 192385.0 51710.0 586.0 5136633.0 4107986.0 709770.0 146300.0 1.09213704E8 1000797.0 1.2467596E7 5.0335367E7 
18 0.0: 192385.0 51710.0 586.0 5136633.0 4107986.0 709770.0 146300.0 1.091343E8 1000797.0 1.2467596E7 4.8485891E7 
19 0.0: 192385.0 51710.0 586.0 5136633.0 4107986.0 709770.0 146300.0 1.08905872E8 1000797.0 1.2467596E7 4.8389942E7 
20 0.0: 192385.0 51710.0 586.0 5136633.0 4107986.0 709770.0 146300.0 1.05675955E8 1000797.0 1.2467596E7 4.7509153E7 
21 0.0: 192385.0 51710.0 586.0 5136633.0 4107986.0 709770.0 146300.0 1.0481923E8 1000797.0 1.2467596E7 4.4052731E7 
22 0.0: 191579.0 51710.0 586.0 5136633.0 4107986.0 709770.0 146300.0 1.04262195E8 1000797.0 1.2467596E7 4.3913416E7 
23 0.0: 189961.0 51710.0 586.0 5136633.0 4107986.0 709770.0 146300.0 9.9194637E7 1000797.0 1.2467596E7 4.314736E7 
24 0.0: 189577.0 51710.0 586.0 5136633.0 4107986.0 709770.0 146300.0 9.9084561E7 1000797.0 1.2467596E7 4.2912287E7 
25 0.0: 185803.0 51710.0 586.0 5136633.0 4107986.0 709770.0 146300.0 9.3878758E7 1000797.0 1.2467596E7 4.2820199E7 
26 0.0: 185803.0 51710.0 586.0 5136633.0 4107986.0 709770.0 146300.0 9.3859431E7 1000797.0 1.2467596E7 4.1845873E7 
27 0.0: 185803.0 51710.0 586.0 5136633.0 4107986.0 709770.0 146300.0 9.3503721E7 1000797.0 1.2467596E7 4.1762016E7 
28 0.0: 185803.0 51710.0 586.0 5136633.0 4107986.0 709770.0 146300.0 9.3390811E7 1000797.0 1.2467596E7 4.0877538E7 
29 0.0: 185803.0 51710.0 586.0 5136633.0 4107986.0 709770.0 146300.0 9.109398E7 1000797.0 1.2467596E7 4.0861378E7 
30 0.0: 185803.0 51710.0 586.0 5136633.0 4107986.0 709770.0 146300.0 9.0971608E7 1000797.0 1.2467596E7 4.0553917E7 
31 0.0: 185803.0 51710.0 586.0 5136633.0 4107986.0 709770.0 146300.0 9.0094696E7 1000797.0 1.2467596E7 3.9606013E7 
32 0.0: 185803.0 51710.0 586.0 5136633.0 4107986.0 709770.0 146300.0 8.8582838E7 1000797.0 1.2467596E7 3.9124376E7 
33 0.0: 185803.0 51710.0 586.0 5136633.0 4107986.0 709770.0 146300.0 8.7857303E7 1000797.0 1.2467596E7 3.9124376E7 
34 0.0: 185803.0 51710.0 586.0 5136633.0 4107986.0 709770.0 146300.0 8.664123E7 1000797.0 1.2467596E7 3.9124376E7 
35 0.0: 185803.0 51710.0 586.0 5136633.0 4107986.0 709770.0 146300.0 8.3799519E7 1000797.0 1.2467596E7 3.9124376E7 
36 0.0: 185803.0 51710.0 586.0 5136633.0 4107986.0 709770.0 146300.0 8.3664208E7 1000797.0 1.2467596E7 3.9124376E7 
37 0.0: 185803.0 51710.0 586.0 5136633.0 4107986.0 709770.0 146300.0 8.2720591E7 1000797.0 1.2467596E7 3.9124376E7 
38 0.0: 185803.0 51710.0 586.0 5136633.0 4107986.0 709770.0 146300.0 8.1578671E7 1000797.0 1.2467596E7 3.9124376E7 
39 0.0: 185803.0 51710.0 586.0 5136633.0 4107986.0 709770.0 146300.0 7.8082127E7 1000797.0 1.2467596E7 3.9124376E7 
40 0.0: 185803.0 51710.0 586.0 5136633.0 4107986.0 709770.0 146300.0 7.8054131E7 1000797.0 1.2467596E7 3.9124376E7 
41 0.0: 185803.0 51710.0 586.0 5136633.0 4107986.0 709770.0 146300.0 7.7110091E7 1000797.0 1.2467596E7 3.9124376E7 
42 0.0: 185803.0 51710.0 586.0 5136633.0 4107986.0 709770.0 146300.0 7.6859317E7 1000797.0 1.2467596E7 3.9124376E7 
43 0.0: 185803.0 51710.0 586.0 5136633.0 4107986.0 709770.0 146300.0 7.6790151E7 1000797.0 1.2467596E7 3.9124376E7 
44 0.0: 185803.0 51710.0 586.0 5136633.0 4107986.0 709770.0 146300.0 7.6187872E7 1000797.0 1.2467596E7 3.9124376E7 
45 0.0: 185803.0 51710.0 586.0 5136633.0 4107986.0 709770.0 146300.0 7.2909914E7 1000797.0 1.2467596E7 3.9124376E7 
46 0.0: 185803.0 51710.0 586.0 5136633.0 4107986.0 709770.0 146300.0 7.2726554E7 1000797.0 1.2467596E7 3.8006063E7 
47 0.0: 185803.0 51710.0 586.0 5136633.0 4107986.0 709770.0 146300.0 7.2723182E7 1000797.0 1.2467596E7 3.8006063E7 
48 0.0: 185803.0 50658.0 586.0 5136633.0 4107986.0 709770.0 146300.0 7.0019926E7 1000797.0 1.2467596E7 3.8006063E7 
49 0.0: 185803.0 50658.0 586.0 5136633.0 4107986.0 709770.0 146300.0 6.9896839E7 1000797.0 1.2467596E7 3.8006063E7 
50 0.0: 185803.0 50658.0 586.0 5136633.0 4107986.0 709770.0 146300.0 6.954629E7 1000797.0 1.2467596E7 3.8006063E7 
51 0.0: 185803.0 50658.0 586.0 5136633.0 4107986.0 709770.0 146300.0 6.9526E7 1000797.0 1.2467596E7 3.8006063E7 
52 0.0: 185803.0 50658.0 586.0 5136633.0 4107986.0 709770.0 146300.0 6.9266342E7 1000797.0 1.2467596E7 3.8006063E7 
53 0.0: 185803.0 50658.0 586.0 5136633.0 4107986.0 709770.0 146300.0 6.70527E7 1000797.0 1.2467596E7 3.8006063E7 
54 0.0: 185803.0 50658.0 586.0 5136633.0 4107986.0 709770.0 146300.0 6.6752419E7 1000797.0 1.2467596E7 3.8006063E7 
55 0.0: 185803.0 50658.0 586.0 5136633.0 4107986.0 709770.0 146300.0 6.6281401E7 1000797.0 1.2467596E7 3.8006063E7 
56 0.0: 185803.0 50658.0 586.0 5136633.0 4107986.0 709770.0 146300.0 6.5898664E7 1000797.0 1.2467596E7 3.8006063E7 
57 0.0: 185803.0 50658.0 586.0 5136633.0 4107986.0 709770.0 146300.0 6.510774E7 1000797.0 1.2467596E7 3.8006063E7 
58 0.0: 185803.0 50658.0 586.0 5136633.0 4107986.0 709770.0 146300.0 6.510774E7 1000797.0 1.2467596E7 3.8006063E7 
59 0.0: 185803.0 50658.0 586.0 5136633.0 4107986.0 709770.0 146300.0 6.510774E7 1000797.0 1.2467596E7 3.8006063E7 
60 0.0: 185803.0 50658.0 586.0 5136633.0 4107986.0 709770.0 146300.0 6.510774E7 1000797.0 1.2467596E7 3.8006063E7 
61 0.0: 185803.0 50658.0 586.0 5136633.0 4107986.0 709770.0 146300.0 6.510774E7 1000797.0 1.2467596E7 3.8006063E7 
62 0.0: 185803.0 50658.0 586.0 5136633.0 4107986.0 709770.0 146300.0 6.510774E7 1000797.0 1.2467596E7 3.8006063E7 
63 0.0: 185803.0 50658.0 586.0 5136633.0 4107986.0 709770.0 146300.0 6.510774E7 1000797.0 1.2467596E7 3.8006063E7 
64 0.0: 185803.0 50658.0 586.0 5136633.0 4107986.0 709770.0 146300.0 6.510774E7 1000797.0 1.2467596E7 3.8006063E7 
65 0.0: 185803.0 50658.0 586.0 5136633.0 4107986.0 709770.0 146300.0 6.510774E7 1000797.0 1.2467596E7 3.8006063E7 
66 0.0: 185803.0 50658.0 586.0 5136633.0 4107986.0 709770.0 146300.0 6.510774E7 1000797.0 1.2467596E7 3.8006063E7 
67 0.0: 185803.0 50658.0 586.0 5136633.0 4107986.0 709770.0 146300.0 6.510774E7 1000797.0 1.2467596E7 3.8006063E7 
68 0.0: 185803.0 50658.0 586.0 5136633.0 4107986.0 709770.0 146300.0 6.510774E7 1000797.0 1.2467596E7 3.8006063E7 
69 0.0: 185803.0 50658.0 586.0 5136633.0 4107986.0 709770.0 146300.0 6.510774E7 1000797.0 1.2467596E7 3.8006063E7 
70 0.0: 185803.0 50658.0 586.0 5136633.0 4107986.0 709770.0 146300.0 6.510774E7 1000797.0 1.2467596E7 3.8006063E7 
71 0.0: 185803.0 50658.0 586.0 5136633.0 4107986.0 709770.0 146300.0 6.510774E7 1000797.0 1.2467596E7 3.8006063E7 
72 0.0: 185803.0 50658.0 586.0 5136633.0 4107986.0 709770.0 146300.0 6.510774E7 1000797.0 1.2467596E7 3.8006063E7 
73 0.0: 185803.0 50658.0 586.0 5136633.0 4107986.0 709770.0 146300.0 6.510774E7 1000797.0 1.2467596E7 3.8006063E7 
74 0.0: 185803.0 50658.0 586.0 5136633.0 4107986.0 709770.0 146300.0 6.510774E7 1000797.0 1.2467596E7 3.8006063E7 
75 0.0: 185803.0 50658.0 586.0 5136633.0 4107986.0 709770.0 146300.0 6.510774E7 1000797.0 1.2467596E7 3.8006063E7 
76 0.0: 185803.0 50658.0 586.0 5136633.0 4107986.0 709770.0 146300.0 6.510774E7 1000797.0 1.2364786E7 3.8006063E7 
77 0.0: 185803.0 50658.0 586.0 5136633.0 4107986.0 709770.0 146300.0 6.510774E7 1000797.0 1.2301869E7 3.8006063E7 
78 0.0: 185803.0 50658.0 586.0 5136633.0 4107986.0 709770.0 146300.0 6.510774E7 1000797.0 1.2301869E7 3.8006063E7 
79 0.0: 185803.0 50658.0 586.0 5136633.0 4107986.0 709770.0 146300.0 6.510774E7 1000797.0 1.2301869E7 3.8006063E7 
80 0.0: 185803.0 50658.0 586.0 5136633.0 4107986.0 709770.0 146300.0 6.510774E7 1000797.0 1.2301869E7 3.8006063E7 
81 0.0: 185803.0 50658.0 586.0 5136633.0 4107986.0 709770.0 146300.0 6.510774E7 1000797.0 1.2301869E7 3.8006063E7 
82 0.0: 185803.0 50658.0 586.0 5136633.0 4107986.0 709770.0 146300.0 6.510774E7 1000797.0 1.2301869E7 3.8006063E7 
83 0.0: 183873.0 50658.0 586.0 5136633.0 4107986.0 709770.0 146300.0 6.510774E7 1000797.0 1.2301869E7 3.8006063E7 
84 0.0: 178627.0 50658.0 586.0 5136633.0 4107986.0 709770.0 146300.0 6.510774E7 1000797.0 1.2301869E7 3.8006063E7 
85 0.0: 178357.0 50658.0 586.0 5136633.0 4107986.0 709770.0 146300.0 6.510774E7 1000797.0 1.2301869E7 3.8006063E7 
86 0.0: 178357.0 50658.0 586.0 5136633.0 4107986.0 709770.0 146300.0 6.510774E7 1000797.0 1.2301869E7 3.8006063E7 
87 0.0: 178357.0 50658.0 586.0 5136633.0 4107986.0 709770.0 146300.0 6.510774E7 1000797.0 1.2301869E7 3.8006063E7 
88 0.0: 178357.0 50658.0 586.0 5136633.0 4107986.0 709770.0 146300.0 6.510774E7 1000797.0 1.2301869E7 3.8006063E7 
89 0.0: 178357.0 50658.0 586.0 5136633.0 4107986.0 709770.0 146300.0 6.510774E7 1000797.0 1.2301869E7 3.8006063E7 
90 0.0: 178357.0 50658.0 586.0 5136633.0 4107986.0 709770.0 146300.0 6.510774E7 1000797.0 1.2301869E7 3.8006063E7 
91 0.0: 178357.0 50658.0 586.0 5136633.0 4107986.0 709770.0 146300.0 6.510774E7 1000797.0 1.2301869E7 3.8006063E7 
92 0.0: 178357.0 50658.0 586.0 5136633.0 4107986.0 709770.0 146300.0 6.510774E7 1000797.0 1.2301869E7 3.8006063E7 
93 0.0: 178357.0 50658.0 586.0 5136633.0 4107986.0 709770.0 146300.0 6.510774E7 1000797.0 1.2301869E7 3.8006063E7 
94 0.0: 178357.0 50658.0 586.0 5136633.0 4107986.0 709770.0 146300.0 6.510774E7 1000797.0 1.2301869E7 3.8006063E7 
95 0.0: 178357.0 50658.0 586.0 5136633.0 4107986.0 709770.0 146300.0 6.510774E7 1000797.0 1.2301869E7 3.8006063E7 
96 0.0: 178357.0 50658.0 586.0 5136633.0 4107986.0 709770.0 146300.0 6.510774E7 1000797.0 1.2301869E7 3.8006063E7 
97 0.0: 178357.0 50658.0 586.0 5136633.0 4107986.0 709770.0 146300.0 6.510774E7 1000797.0 1.2301869E7 3.8006063E7 
98 0.0: 178357.0 50658.0 586.0 5136633.0 4107986.0 709770.0 146300.0 6.510774E7 1000797.0 1.2301869E7 3.8006063E7 
99 0.0: 178357.0 50658.0 586.0 5136633.0 4107986.0 709770.0 146300.0 6.510774E7 1000797.0 1.2301869E7 3.8006063E7 
100 0.0: 178357.0 50658.0 586.0 5136633.0 4107986.0 709770.0 146300.0 6.510774E7 1000797.0 1.2301869E7 3.8006063E7 
101 0.0: 178357.0 50658.0 586.0 5136633.0 4107986.0 709770.0 146300.0 6.510774E7 1000797.0 1.2301869E7 3.8006063E7 
102 0.0: 178357.0 50658.0 586.0 5136633.0 4107986.0 709770.0 146300.0 6.510774E7 1000797.0 1.2301869E7 3.8006063E7 
103 0.0: 178357.0 50658.0 586.0 5136633.0 4107986.0 709770.0 146300.0 6.510774E7 1000797.0 1.2301869E7 3.8006063E7 
104 0.0: 178357.0 50658.0 586.0 5136633.0 4107986.0 709770.0 146300.0 6.510774E7 1000797.0 1.2301869E7 3.8006063E7 
105 0.0: 178357.0 50658.0 586.0 5136633.0 4107986.0 709770.0 146300.0 6.510774E7 1000797.0 1.2301869E7 3.8006063E7 
106 0.0: 178357.0 50658.0 586.0 5136633.0 4107986.0 709770.0 146300.0 6.510774E7 1000797.0 1.2301869E7 3.8006063E7 
107 0.0: 178357.0 50658.0 586.0 5136633.0 4107986.0 709770.0 146300.0 6.510774E7 1000797.0 1.2301869E7 3.8006063E7 
108 0.0: 178357.0 50658.0 586.0 5136633.0 4107986.0 709770.0 146300.0 6.510774E7 1000797.0 1.2301869E7 3.8006063E7 
109 0.0: 178357.0 50658.0 586.0 5136633.0 4107986.0 709770.0 146300.0 6.510774E7 1000797.0 1.2301869E7 3.8006063E7 
110 0.0: 178357.0 50658.0 586.0 5136633.0 4107986.0 709770.0 146300.0 6.510774E7 1000797.0 1.2301869E7 3.8006063E7 
111 0.0: 178357.0 50658.0 586.0 5136633.0 4107986.0 709770.0 146300.0 6.510774E7 1000797.0 1.2301869E7 3.8006063E7 
112 0.0: 178357.0 50658.0 586.0 5136633.0 4107986.0 709770.0 146300.0 6.510774E7 1000797.0 1.2301869E7 3.8006063E7 
113 0.0: 178357.0 50658.0 586.0 5136633.0 4107986.0 709770.0 146300.0 6.510774E7 1000797.0 1.2301869E7 3.8006063E7 
114 0.0: 178357.0 50658.0 586.0 5136633.0 4107986.0 709770.0 146300.0 6.510774E7 1000797.0 1.2301869E7 3.8006063E7 
115 0.0: 178357.0 50658.0 586.0 5136633.0 4107986.0 709770.0 146300.0 6.510774E7 1000797.0 1.2301869E7 3.8006063E7 
116 0.0: 178357.0 50658.0 586.0 5136633.0 4107986.0 709770.0 146300.0 6.510774E7 1000797.0 1.2301869E7 3.8006063E7 
117 0.0: 178357.0 50658.0 586.0 5136633.0 4107986.0 709770.0 146300.0 6.510774E7 1000797.0 1.2301869E7 3.8006063E7 
118 0.0: 178357.0 50658.0 586.0 5136633.0 4107986.0 709770.0 146300.0 6.510774E7 1000797.0 1.2301869E7 3.8006063E7 
119 0.0: 178357.0 50658.0 586.0 5136633.0 4107986.0 709770.0 146300.0 6.510774E7 1000797.0 1.2301869E7 3.8006063E7 
120 0.0: 178357.0 50658.0 586.0 5136633.0 4107986.0 709770.0 146300.0 6.510774E7 1000797.0 1.2301869E7 3.8006063E7 
121 0.0: 178357.0 50658.0 586.0 5136633.0 4107986.0 709770.0 146300.0 6.510774E7 1000797.0 1.2301869E7 3.8006063E7 
122 0.0: 178357.0 50658.0 586.0 5136633.0 4107986.0 709770.0 146300.0 6.510774E7 1000797.0 1.2301869E7 3.8006063E7 
123 0.0: 178357.0 50658.0 586.0 5136633.0 4107986.0 709770.0 146300.0 6.510774E7 1000797.0 1.2301869E7 3.8006063E7 
124 0.0: 178357.0 50658.0 586.0 5136633.0 4107986.0 709770.0 146300.0 6.510774E7 1000797.0 1.2301869E7 3.8006063E7 
125 0.0: 178357.0 50658.0 586.0 5136633.0 4107986.0 709770.0 146300.0 6.510774E7 1000797.0 1.2301869E7 3.8006063E7 
126 0.0: 178357.0 50658.0 586.0 5136633.0 4107986.0 709770.0 146300.0 6.510774E7 1000797.0 1.2301869E7 3.8006063E7 
127 0.0: 178357.0 50658.0 586.0 5136633.0 4107986.0 709770.0 146300.0 6.510774E7 1000797.0 1.2301869E7 3.8006063E7 
128 0.0: 178357.0 50658.0 586.0 5136633.0 4107986.0 709770.0 146300.0 6.510774E7 1000797.0 1.2301869E7 3.8006063E7 
129 0.0: 178357.0 50658.0 586.0 5136633.0 4107986.0 709770.0 146300.0 6.510774E7 1000797.0 1.2301869E7 3.8006063E7 
130 0.0: 178357.0 50658.0 586.0 5136633.0 4107986.0 709770.0 146300.0 6.510774E7 1000797.0 1.2301869E7 3.8006063E7 
131 0.0: 178357.0 50658.0 586.0 5136633.0 4107986.0 709770.0 146300.0 6.510774E7 1000797.0 1.2301869E7 3.8006063E7 
132 0.0: 178357.0 50658.0 586.0 5136633.0 4107986.0 709770.0 146300.0 6.510774E7 1000797.0 1.2301869E7 3.8006063E7 
133 0.0: 178357.0 50658.0 586.0 5136633.0 4107986.0 709770.0 146300.0 6.510774E7 1000797.0 1.2301869E7 3.8006063E7 
134 0.0: 178357.0 50658.0 586.0 5136633.0 4107986.0 709770.0 146300.0 6.510774E7 1000797.0 1.2301869E7 3.8006063E7 
135 0.0: 178357.0 50658.0 586.0 5136633.0 4107986.0 709770.0 146300.0 6.510774E7 1000797.0 1.2301869E7 3.8006063E7 
136 0.0: 178357.0 50658.0 586.0 5136633.0 4107986.0 709770.0 146300.0 6.510774E7 1000797.0 1.2301869E7 3.8006063E7 
137 0.0: 178357.0 50658.0 586.0 5136633.0 4107986.0 709770.0 146300.0 6.510774E7 1000797.0 1.2301869E7 3.8006063E7 
138 0.0: 178357.0 50658.0 586.0 5136633.0 4107986.0 709770.0 146300.0 6.510774E7 1000797.0 1.2301869E7 3.8006063E7 
139 0.0: 178357.0 50658.0 586.0 5136633.0 4107986.0 709770.0 146300.0 6.510774E7 1000797.0 1.2301869E7 3.8006063E7 
140 0.0: 178357.0 50658.0 586.0 5136633.0 4107986.0 709770.0 146300.0 6.510774E7 1000797.0 1.2301869E7 3.8006063E7 
141 0.0: 178357.0 50658.0 586.0 5136633.0 4107986.0 709770.0 146300.0 6.510774E7 1000797.0 1.2301869E7 3.8006063E7 
142 0.0: 178357.0 50658.0 586.0 5136633.0 4107986.0 709770.0 146300.0 6.510774E7 1000797.0 1.2301869E7 3.8006063E7 
143 0.0: 178357.0 50658.0 586.0 5136633.0 4107986.0 709770.0 146300.0 6.510774E7 1000797.0 1.2301869E7 3.8006063E7 
144 0.0: 178357.0 50658.0 586.0 5136633.0 4107986.0 709770.0 146300.0 6.510774E7 1000797.0 1.2301869E7 3.8006063E7 
145 0.0: 178357.0 50658.0 586.0 5136633.0 4107986.0 709770.0 146300.0 6.510774E7 1000797.0 1.2301869E7 3.8006063E7 
146 0.0: 178357.0 50658.0 586.0 5136633.0 4107986.0 709770.0 146300.0 6.510774E7 1000797.0 1.2301869E7 3.8006063E7 
147 0.0: 178357.0 50658.0 586.0 5136633.0 4107986.0 709770.0 146300.0 6.510774E7 1000797.0 1.2301869E7 3.8006063E7 
148 0.0: 178357.0 50658.0 586.0 5136633.0 4107986.0 709770.0 146300.0 6.510774E7 1000797.0 1.2301869E7 3.8006063E7 
149 0.0: 178357.0 50658.0 586.0 5136633.0 4107986.0 709770.0 146300.0 6.510774E7 1000797.0 1.2301869E7 3.8006063E7 
150 0.0: 178357.0 50658.0 586.0 5136633.0 4107986.0 709770.0 146300.0 6.510774E7 1000797.0 1.2301869E7 3.8006063E7 
151 0.0: 178357.0 50658.0 586.0 5136633.0 4107986.0 709770.0 146300.0 6.510774E7 1000797.0 1.2301869E7 3.8006063E7 
152 0.0: 178357.0 50658.0 586.0 5136633.0 4107986.0 709770.0 146300.0 6.510774E7 1000797.0 1.2301869E7 3.8006063E7 
153 0.0: 178357.0 50658.0 586.0 5136633.0 4107986.0 709770.0 146300.0 6.510774E7 1000797.0 1.2301869E7 3.8006063E7 
154 0.0: 178357.0 50658.0 586.0 5136633.0 4107986.0 709770.0 146300.0 6.510774E7 1000797.0 1.2301869E7 3.8006063E7 
155 0.0: 178357.0 50658.0 586.0 5136633.0 4107986.0 709770.0 146300.0 6.510774E7 1000797.0 1.2301869E7 3.8006063E7 
156 0.0: 178357.0 50658.0 586.0 5136633.0 4107986.0 709770.0 146300.0 6.510774E7 1000797.0 1.2301869E7 3.8006063E7 
157 0.0: 178357.0 50658.0 586.0 5136633.0 4107986.0 709770.0 146300.0 6.510774E7 1000797.0 1.2301869E7 3.8006063E7 
158 0.0: 178357.0 50658.0 586.0 5136633.0 4107986.0 709770.0 146300.0 6.510774E7 1000797.0 1.2301869E7 3.8006063E7 
159 0.0: 178357.0 50658.0 586.0 5136633.0 4107986.0 709770.0 146300.0 6.510774E7 1000797.0 1.2301869E7 3.8006063E7 
160 0.0: 178357.0 50658.0 586.0 5136633.0 4107986.0 709770.0 146300.0 6.510774E7 1000797.0 1.2301869E7 3.8006063E7 
161 0.0: 178357.0 50658.0 586.0 5136633.0 4107986.0 709770.0 146300.0 6.510774E7 1000797.0 1.2301869E7 3.8006063E7 
162 0.0: 178357.0 50658.0 586.0 5136633.0 4107986.0 709770.0 146300.0 6.510774E7 1000797.0 1.2301869E7 3.8006063E7 
163 0.0: 178357.0 50658.0 586.0 5136633.0 4107986.0 709770.0 146300.0 6.510774E7 1000797.0 1.2301869E7 3.8006063E7 
164 0.0: 178357.0 50658.0 586.0 5136633.0 4107986.0 709770.0 146300.0 6.510774E7 1000797.0 1.2301869E7 3.8006063E7 
165 0.0: 178357.0 50658.0 586.0 5136633.0 4107986.0 709770.0 146300.0 6.510774E7 1000797.0 1.2301869E7 3.8006063E7 
166 0.0: 178357.0 50658.0 586.0 5136633.0 4107986.0 709770.0 146300.0 6.510774E7 1000797.0 1.2301869E7 3.8006063E7 
167 0.0: 178357.0 50658.0 586.0 5136633.0 4107986.0 709770.0 146300.0 6.510774E7 1000797.0 1.2301869E7 3.8006063E7 
168 0.0: 178357.0 50658.0 586.0 5136633.0 4107986.0 709770.0 146300.0 6.510774E7 1000797.0 1.2301869E7 3.8006063E7 
169 0.0: 178357.0 50658.0 586.0 5136633.0 4107986.0 709770.0 146300.0 6.510774E7 1000797.0 1.2301869E7 3.8006063E7 
170 0.0: 178357.0 50658.0 586.0 5136633.0 4107986.0 709770.0 146300.0 6.510774E7 1000797.0 1.2301869E7 3.8006063E7 
171 0.0: 178357.0 50658.0 586.0 5136633.0 4107986.0 709770.0 146300.0 6.510774E7 1000797.0 1.2301869E7 3.8006063E7 
172 0.0: 178357.0 50658.0 586.0 5136633.0 4107986.0 709770.0 146300.0 6.510774E7 1000797.0 1.2301869E7 3.8006063E7 
173 0.0: 178357.0 50658.0 586.0 5136633.0 4107986.0 709770.0 146300.0 6.510774E7 1000797.0 1.2301869E7 3.8006063E7 
174 0.0: 178357.0 50658.0 586.0 4957483.0 4107986.0 709770.0 146300.0 6.510774E7 1000797.0 1.2301869E7 3.8006063E7 
175 0.0: 178357.0 50658.0 586.0 4917776.0 4107986.0 709770.0 146300.0 6.0857903E7 1000797.0 1.2301869E7 3.8006063E7 
176 0.0: 178357.0 50658.0 586.0 4917776.0 4107986.0 709770.0 146300.0 6.0852701E7 1000797.0 1.2301869E7 3.8006063E7 
177 0.0: 178357.0 50658.0 586.0 4917776.0 4107986.0 709770.0 146300.0 6.0603238E7 1000797.0 1.2301869E7 3.8006063E7 
178 0.0: 178357.0 50658.0 586.0 4917776.0 4107986.0 709770.0 146300.0 6.0556974E7 1000797.0 1.2301869E7 3.8006063E7 
179 0.0: 178357.0 50658.0 586.0 4917776.0 4107986.0 709770.0 146300.0 6.0556974E7 1000797.0 1.2301869E7 3.8006063E7 
180 0.0: 178357.0 50658.0 586.0 4917776.0 4107986.0 709770.0 146300.0 6.0556974E7 1000797.0 1.2301869E7 3.8006063E7 
181 0.0: 178357.0 50658.0 586.0 4917776.0 4107986.0 709770.0 146300.0 6.0556974E7 1000797.0 1.2301869E7 3.8006063E7 
182 0.0: 178357.0 50658.0 586.0 4917776.0 4107986.0 709770.0 146300.0 6.0480418E7 1000797.0 1.2301869E7 3.8006063E7 
183 0.0: 178357.0 50658.0 586.0 4917776.0 4107986.0 709770.0 146300.0 6.044715E7 1000797.0 1.2301869E7 3.8006063E7 
184 0.0: 178357.0 50658.0 586.0 4917776.0 4107986.0 709770.0 146300.0 6.044715E7 1000797.0 1.2301869E7 3.8006063E7 
185 0.0: 178357.0 50658.0 586.0 4917776.0 4107986.0 709770.0 146300.0 6.044715E7 1000797.0 1.2301869E7 3.8006063E7 
186 0.0: 178357.0 50658.0 586.0 4917776.0 4107986.0 709770.0 146300.0 6.044715E7 1000797.0 1.2301869E7 3.8006063E7 
187 0.0: 178357.0 50658.0 586.0 4917776.0 4107986.0 709770.0 146300.0 6.0329951E7 1000797.0 1.2301869E7 3.8006063E7 
188 0.0: 178357.0 50658.0 586.0 4917776.0 4107986.0 709770.0 146300.0 6.0328473E7 1000797.0 1.2301869E7 3.8006063E7 
189 0.0: 178357.0 50658.0 586.0 4917776.0 4107986.0 709770.0 146300.0 6.0182293E7 1000797.0 1.2301869E7 3.8006063E7 
190 0.0: 178357.0 50658.0 586.0 4917776.0 4107986.0 709770.0 146300.0 6.0182293E7 1000797.0 1.2301869E7 3.8006063E7 
191 0.0: 178357.0 50658.0 586.0 4917776.0 4107986.0 709770.0 146300.0 6.0182293E7 1000797.0 1.2301869E7 3.8006063E7 
192 0.0: 178357.0 50658.0 586.0 4917776.0 4107986.0 709770.0 146300.0 6.0182293E7 1000797.0 1.2301869E7 3.8006063E7 
193 0.0: 178357.0 50658.0 586.0 4917776.0 4107986.0 709770.0 146300.0 6.0182293E7 1000797.0 1.2301869E7 3.8006063E7 
194 0.0: 178357.0 50658.0 586.0 4917776.0 4107986.0 709770.0 146300.0 6.0182293E7 1000797.0 1.2301869E7 3.8006063E7 
195 0.0: 178357.0 50658.0 586.0 4917776.0 4107986.0 709770.0 146300.0 6.0182293E7 1000797.0 1.2301869E7 3.8006063E7 
196 0.0: 178357.0 50658.0 586.0 4917776.0 4107986.0 709770.0 146300.0 6.0142756E7 1000797.0 1.2301869E7 3.8006063E7 
197 0.0: 178357.0 50658.0 586.0 4917776.0 4107986.0 709770.0 146300.0 6.0006846E7 1000797.0 1.2301869E7 3.8006063E7 
198 0.0: 178357.0 50658.0 586.0 4917776.0 4107986.0 709770.0 146300.0 6.0006846E7 1000797.0 1.2301869E7 3.8006063E7 
199 0.0: 178357.0 50658.0 586.0 4917776.0 4107986.0 709770.0 146300.0 6.0006846E7 1000797.0 1.2301869E7 3.8006063E7 
200 0.0: 178357.0 50658.0 586.0 4917776.0 4107986.0 709770.0 146300.0 6.0006846E7 1000797.0 1.2301869E7 3.8006063E7 
201 0.0: 178357.0 50658.0 586.0 4917776.0 4107986.0 709770.0 146300.0 6.0006846E7 1000797.0 1.2301869E7 3.8006063E7 
202 0.0: 178357.0 50658.0 586.0 4917776.0 4107986.0 709770.0 146300.0 6.0006846E7 1000797.0 1.2301869E7 3.8006063E7 
203 0.0: 178357.0 50658.0 586.0 4917776.0 4107986.0 709770.0 146300.0 6.0006846E7 1000797.0 1.2301869E7 3.8006063E7 
204 0.0: 178357.0 50658.0 586.0 4917776.0 4107986.0 709770.0 146300.0 6.0006846E7 1000797.0 1.2301869E7 3.8006063E7 
205 0.0: 178357.0 50658.0 586.0 4917776.0 4107986.0 709770.0 146300.0 6.0006846E7 1000797.0 1.2301869E7 3.8006063E7 
206 0.0: 178357.0 50658.0 586.0 4917776.0 4107986.0 709770.0 146300.0 6.0006846E7 1000797.0 1.2301869E7 3.8006063E7 
207 0.0: 178357.0 50658.0 586.0 4917776.0 4107986.0 709770.0 146300.0 6.0006846E7 1000797.0 1.2301869E7 3.8006063E7 
208 0.0: 178357.0 50658.0 586.0 4917776.0 4107986.0 709770.0 146300.0 6.0006846E7 1000797.0 1.2301869E7 3.8006063E7 
209 0.0: 178357.0 50658.0 586.0 4917776.0 4107986.0 709770.0 146300.0 5.9509614E7 1000797.0 1.2301869E7 3.8006063E7 
210 0.0: 178357.0 50658.0 586.0 4917776.0 4107986.0 709770.0 146300.0 5.9509614E7 1000797.0 1.2301869E7 3.8006063E7 
211 0.0: 178357.0 50658.0 586.0 4917776.0 4107986.0 709770.0 146300.0 5.9509614E7 1000797.0 1.2301869E7 3.8006063E7 
212 0.0: 178357.0 50658.0 586.0 4917776.0 4107986.0 709770.0 146300.0 5.9509614E7 1000797.0 1.2301869E7 3.8006063E7 
213 0.0: 178357.0 50658.0 586.0 4917776.0 4107986.0 709770.0 146300.0 5.9509614E7 1000797.0 1.2301869E7 3.8006063E7 
214 0.0: 178357.0 50658.0 586.0 4917776.0 4107986.0 709770.0 146300.0 5.9509614E7 1000797.0 1.2301869E7 3.8006063E7 
215 0.0: 178357.0 50658.0 586.0 4917776.0 4107986.0 709770.0 146300.0 5.9509614E7 1000797.0 1.2301869E7 3.8006063E7 
216 0.0: 178357.0 50658.0 586.0 4917776.0 4107986.0 709770.0 146300.0 5.9509614E7 1000797.0 1.2301869E7 3.8006063E7 
217 0.0: 178357.0 50658.0 586.0 4917776.0 4107986.0 709770.0 146300.0 5.9509614E7 1000797.0 1.2301869E7 3.8006063E7 
218 0.0: 178357.0 50658.0 586.0 4917776.0 4107986.0 709770.0 146300.0 5.9509614E7 1000797.0 1.2301869E7 3.8006063E7 
219 0.0: 178357.0 50658.0 586.0 4917776.0 4107986.0 709770.0 146300.0 5.9509614E7 1000797.0 1.2301869E7 3.8006063E7 
220 0.0: 178357.0 50658.0 586.0 4917776.0 4107986.0 709770.0 146300.0 5.9509614E7 1000797.0 1.2301869E7 3.8006063E7 
221 0.0: 178357.0 50658.0 586.0 4917776.0 4107986.0 709770.0 146300.0 5.9509614E7 1000797.0 1.2301869E7 3.8006063E7 
222 0.0: 178357.0 50658.0 586.0 4917776.0 4107986.0 709770.0 146300.0 5.9509614E7 1000797.0 1.2301869E7 3.8006063E7 
223 0.0: 178357.0 50658.0 586.0 4917776.0 4107986.0 709770.0 146300.0 5.9509614E7 1000797.0 1.2301869E7 3.8006063E7 
224 0.0: 178357.0 50658.0 586.0 4917776.0 4107986.0 709770.0 146300.0 5.9509614E7 1000797.0 1.2301869E7 3.8006063E7 
225 0.0: 178357.0 50658.0 586.0 4917776.0 4107986.0 709770.0 146300.0 5.9509614E7 1000797.0 1.2301869E7 3.8006063E7 
226 0.0: 178357.0 50658.0 586.0 4917776.0 4107986.0 709770.0 146300.0 5.9509614E7 1000797.0 1.2301869E7 3.8006063E7 
227 0.0: 178357.0 50658.0 586.0 4917776.0 4107986.0 709770.0 146300.0 5.9509614E7 1000797.0 1.2301869E7 3.8006063E7 
228 0.0: 178357.0 50658.0 586.0 4917776.0 4107986.0 709770.0 146300.0 5.9509614E7 1000797.0 1.2301869E7 3.8006063E7 
229 0.0: 178357.0 50658.0 586.0 4917776.0 4107986.0 709770.0 146300.0 5.9509614E7 1000797.0 1.2301869E7 3.8006063E7 
230 0.0: 178357.0 50658.0 586.0 4917776.0 4107986.0 709770.0 146300.0 5.9509614E7 1000797.0 1.2301869E7 3.8006063E7 
231 0.0: 178357.0 50658.0 586.0 4917776.0 4107986.0 709770.0 146300.0 5.9509614E7 1000797.0 1.2301869E7 3.8006063E7 
232 0.0: 178357.0 50658.0 586.0 4917776.0 4107986.0 709770.0 146300.0 5.9509614E7 1000797.0 1.2301869E7 3.8006063E7 
233 0.0: 178357.0 50658.0 586.0 4917776.0 4107986.0 709770.0 146300.0 5.9509614E7 1000797.0 1.2301869E7 3.8006063E7 
234 0.0: 178357.0 50658.0 586.0 4917776.0 4107986.0 709770.0 146300.0 5.9509614E7 1000797.0 1.2301869E7 3.8006063E7 
235 0.0: 178357.0 50658.0 586.0 4917776.0 4107986.0 709770.0 146300.0 5.9509614E7 1000797.0 1.2301869E7 3.8006063E7 
236 0.0: 178357.0 50658.0 586.0 4917776.0 4107986.0 709770.0 146300.0 5.9509614E7 1000797.0 1.2301869E7 3.8006063E7 
237 0.0: 178357.0 50658.0 586.0 4917776.0 4107986.0 709770.0 146300.0 5.9509614E7 1000797.0 1.2301869E7 3.8006063E7 
Thoi gian chay: 721.314 giay
