0 0.0: 358045.0 80771.0 534.0 6558987.0 8253130.0 709770.0 145137.0 1.62900796E8 1481500.0 2.4792063E7 8.6335458E7 
1 0.0: 336927.0 80771.0 534.0 6558987.0 7667802.0 709770.0 145137.0 1.609711E8 1333889.0 2.337171E7 8.3857189E7 
2 0.0: 309789.0 77495.0 534.0 5055149.0 7590728.0 709770.0 145137.0 1.60789368E8 1104978.0 2.2749669E7 8.0484909E7 
3 0.0: 271541.0 75815.0 534.0 4641132.0 7006602.0 709770.0 145137.0 1.57387414E8 1004849.0 2.1913702E7 7.8813041E7 
4 0.0: 267745.0 73447.0 534.0 4551359.0 6916834.0 709770.0 145137.0 1.47055478E8 985267.0 2.1555006E7 7.7040396E7 
5 0.0: 257227.0 68911.0 534.0 4475134.0 5890494.0 709770.0 145137.0 1.39848549E8 985267.0 2.0652518E7 6.8809629E7 
6 0.0: 253259.0 66583.0 534.0 4322454.0 5458174.0 709770.0 145137.0 1.31570405E8 985267.0 2.0036343E7 6.8739148E7 
7 0.0: 250525.0 63355.0 534.0 4318487.0 5398166.0 709770.0 145137.0 1.31271307E8 985267.0 1.9287399E7 6.772263E7 
8 0.0: 250401.0 62379.0 534.0 4202269.0 5365092.0 709770.0 145137.0 1.2917165E8 985267.0 1.8976623E7 6.7145075E7 
9 0.0: 250401.0 60915.0 534.0 4202269.0 5169614.0 709770.0 145137.0 1.26253511E8 985267.0 1.8728273E7 6.7092008E7 
10 0.0: 250401.0 58697.0 534.0 4202269.0 5169614.0 709770.0 145137.0 1.20624785E8 985267.0 1.8548839E7 6.6111031E7 
11 0.0: 250401.0 56151.0 534.0 4202269.0 5169614.0 709770.0 145137.0 1.17332525E8 985267.0 1.8070429E7 6.5620086E7 
12 0.0: 250401.0 56151.0 534.0 4202269.0 5169614.0 709770.0 145137.0 1.16944289E8 985267.0 1.7798923E7 6.5048862E7 
13 0.0: 250401.0 56151.0 534.0 4202269.0 5169614.0 709770.0 145137.0 1.16141591E8 985267.0 1.7798923E7 6.4546654E7 
14 0.0: 250401.0 56151.0 534.0 4202269.0 5169614.0 709770.0 145137.0 1.15758265E8 985267.0 1.7798923E7 5.8733333E7 
15 0.0: 250401.0 56151.0 534.0 4202269.0 5169614.0 709770.0 145137.0 1.06299418E8 985267.0 1.7798923E7 5.7634234E7 
16 0.0: 250401.0 56151.0 534.0 4202269.0 5169614.0 709770.0 145137.0 1.05408482E8 985267.0 1.7798923E7 5.75964E7 
17 0.0: 250401.0 56151.0 534.0 4202269.0 5169614.0 709770.0 145137.0 1.04284767E8 985267.0 1.7798923E7 5.5283275E7 
18 0.0: 250401.0 56151.0 534.0 4202269.0 5169614.0 709770.0 145137.0 1.02870055E8 985267.0 1.7798923E7 5.5200308E7 
19 0.0: 250401.0 56151.0 534.0 4202269.0 5169614.0 709770.0 145137.0 1.02659637E8 985267.0 1.7798923E7 5.3827094E7 
20 0.0: 250401.0 56151.0 534.0 4202269.0 5169614.0 709770.0 145137.0 1.02658128E8 985267.0 1.7798923E7 5.3635702E7 
21 0.0: 250401.0 52118.0 534.0 4202269.0 5169614.0 709770.0 145137.0 1.02381337E8 985267.0 1.7798923E7 5.3452605E7 
22 0.0: 250401.0 51954.0 534.0 4202269.0 5169614.0 709770.0 145137.0 1.02267446E8 985267.0 1.7798923E7 5.3077139E7 
23 0.0: 250401.0 51954.0 534.0 4202269.0 5169614.0 709770.0 145137.0 1.02234042E8 985267.0 1.7798923E7 5.1835839E7 
24 0.0: 250401.0 51954.0 534.0 4202269.0 5169614.0 709770.0 145137.0 1.0016489E8 985267.0 1.7798923E7 5.1588893E7 
25 0.0: 250401.0 51954.0 534.0 4202269.0 5169614.0 709770.0 145137.0 9.6421523E7 985267.0 1.7798923E7 5.0955029E7 
26 0.0: 250401.0 51954.0 534.0 4202269.0 5169614.0 709770.0 145137.0 9.3487594E7 985267.0 1.7798923E7 5.0952745E7 
27 0.0: 250401.0 51954.0 534.0 4202269.0 5169614.0 709770.0 145137.0 9.1576425E7 985267.0 1.7798923E7 5.0784893E7 
28 0.0: 250401.0 51954.0 534.0 4202269.0 5169614.0 709770.0 145137.0 9.1401833E7 985267.0 1.7798923E7 5.0737209E7 
29 0.0: 193265.0 51954.0 534.0 4202269.0 5169614.0 709770.0 145137.0 8.9711043E7 985267.0 1.7798923E7 5.0382603E7 
30 0.0: 183501.0 51954.0 534.0 4202269.0 5169614.0 709770.0 145137.0 8.9230338E7 985267.0 1.7798923E7 4.9978867E7 
31 0.0: 168879.0 51954.0 534.0 4202269.0 5169614.0 709770.0 145137.0 8.1932767E7 985267.0 1.7798923E7 4.9978867E7 
32 0.0: 168729.0 51954.0 534.0 4202269.0 5169614.0 709770.0 145137.0 7.991656E7 985267.0 1.7798923E7 4.9978867E7 
33 0.0: 168729.0 51954.0 534.0 4202269.0 5169614.0 709770.0 145137.0 7.9551821E7 985267.0 1.7798923E7 4.9978867E7 
34 0.0: 168729.0 51954.0 534.0 4202269.0 5169614.0 709770.0 145137.0 7.9459205E7 985267.0 1.7798923E7 4.9978867E7 
35 0.0: 168729.0 51954.0 534.0 4202269.0 5169614.0 709770.0 145137.0 7.9200871E7 985267.0 1.7798923E7 4.9978867E7 
36 0.0: 168729.0 51954.0 534.0 4202269.0 5169614.0 709770.0 145137.0 7.8960179E7 985267.0 1.7798923E7 4.9978867E7 
37 0.0: 168729.0 51954.0 534.0 4202269.0 5169614.0 709770.0 145137.0 7.8951804E7 985267.0 1.7798923E7 4.9978867E7 
38 0.0: 168729.0 51954.0 534.0 4202269.0 5169614.0 709770.0 145137.0 7.8788517E7 985267.0 1.7798923E7 4.9978867E7 
39 0.0: 168729.0 51954.0 534.0 4202269.0 5169614.0 709770.0 145137.0 7.6719337E7 985267.0 1.7798923E7 4.9978867E7 
40 0.0: 168729.0 51954.0 534.0 4202269.0 5169614.0 709770.0 145137.0 7.6588837E7 985267.0 1.7798923E7 4.9978867E7 
41 0.0: 168729.0 51954.0 534.0 4202269.0 5169614.0 709770.0 145137.0 7.6586869E7 985267.0 1.7798923E7 4.9978867E7 
42 0.0: 168729.0 51954.0 534.0 4202269.0 5169614.0 709770.0 145137.0 7.6242881E7 985267.0 1.7798923E7 4.9978867E7 
43 0.0: 168729.0 51954.0 534.0 4202269.0 5169614.0 709770.0 145137.0 7.5963913E7 985267.0 1.7798923E7 4.9978867E7 
44 0.0: 168729.0 51954.0 534.0 4202269.0 5169614.0 709770.0 145137.0 7.5121405E7 985267.0 1.7798923E7 4.9978867E7 
45 0.0: 168729.0 51954.0 534.0 4202269.0 5169614.0 709770.0 145137.0 7.4249322E7 985267.0 1.7798923E7 4.9978867E7 
46 0.0: 168729.0 51954.0 534.0 4202269.0 5169614.0 709770.0 145137.0 7.1537088E7 985267.0 1.7798923E7 4.9978867E7 
47 0.0: 168729.0 51954.0 534.0 4202269.0 5169614.0 709770.0 145137.0 7.1448075E7 985267.0 1.7798923E7 4.904217E7 
48 0.0: 168729.0 51954.0 534.0 4202269.0 5169614.0 709770.0 145137.0 7.1173601E7 985267.0 1.7798923E7 4.904217E7 
49 0.0: 168729.0 51954.0 534.0 4202269.0 5169614.0 709770.0 145137.0 7.1144055E7 985267.0 1.7798923E7 4.904217E7 
50 0.0: 168729.0 51954.0 534.0 4202269.0 5169614.0 709770.0 145137.0 7.1137225E7 985267.0 1.7798923E7 4.904217E7 
51 0.0: 168729.0 51954.0 534.0 4202269.0 5169614.0 709770.0 145137.0 7.1062691E7 985267.0 1.7798923E7 4.904217E7 
52 0.0: 168729.0 51954.0 534.0 4202269.0 5169614.0 709770.0 145137.0 7.0750964E7 985267.0 1.7798923E7 4.904217E7 
53 0.0: 168729.0 51954.0 534.0 4202269.0 5169614.0 709770.0 145137.0 7.0732158E7 985267.0 1.7798923E7 4.904217E7 
54 0.0: 168729.0 51954.0 534.0 4202269.0 5169614.0 709770.0 145137.0 7.0063365E7 985267.0 1.7798923E7 4.904217E7 
55 0.0: 168729.0 51954.0 534.0 4202269.0 5169614.0 709770.0 145137.0 7.0016005E7 985267.0 1.7798923E7 4.904217E7 
56 0.0: 168729.0 51954.0 534.0 4202269.0 5169614.0 709770.0 145137.0 6.9700579E7 985267.0 1.7798923E7 4.904217E7 
57 0.0: 168729.0 51954.0 534.0 4202269.0 5169614.0 709770.0 145137.0 6.9668891E7 985267.0 1.7798923E7 4.904217E7 
58 0.0: 168729.0 51954.0 534.0 4202269.0 5169614.0 709770.0 145137.0 6.9406321E7 985267.0 1.7798923E7 4.904217E7 
59 0.0: 168729.0 51954.0 534.0 4202269.0 5169614.0 709770.0 145137.0 6.8955825E7 985267.0 1.7798923E7 4.904217E7 
60 0.0: 168729.0 51954.0 534.0 4202269.0 5169614.0 709770.0 145137.0 6.8400198E7 985267.0 1.7798923E7 4.904217E7 
61 0.0: 168729.0 51954.0 534.0 4202269.0 5169614.0 709770.0 145137.0 6.7429897E7 985267.0 1.7798923E7 4.904217E7 
62 0.0: 168729.0 51954.0 534.0 4202269.0 5169614.0 709770.0 145137.0 6.7384051E7 985267.0 1.7798923E7 4.904217E7 
63 0.0: 168729.0 51954.0 534.0 4202269.0 5169614.0 709770.0 145137.0 6.736061E7 985267.0 1.7798923E7 4.904217E7 
64 0.0: 168729.0 51954.0 534.0 4202269.0 5169614.0 709770.0 145137.0 6.7189647E7 985267.0 1.7798923E7 4.904217E7 
65 0.0: 168729.0 51954.0 534.0 4202269.0 5169614.0 709770.0 145137.0 6.6889074E7 985267.0 1.7798923E7 4.904217E7 
66 0.0: 168729.0 51954.0 534.0 4202269.0 5169614.0 709770.0 145137.0 6.6880791E7 985267.0 1.7798923E7 4.904217E7 
67 0.0: 168729.0 51954.0 534.0 4202269.0 5169614.0 709770.0 145137.0 6.6880791E7 985267.0 1.7798923E7 4.904217E7 
68 0.0: 168729.0 51954.0 534.0 4202269.0 5169614.0 709770.0 145137.0 6.6880791E7 985267.0 1.7798923E7 4.904217E7 
69 0.0: 168729.0 51954.0 534.0 4202269.0 5169614.0 709770.0 145137.0 6.6880791E7 985267.0 1.7798923E7 4.904217E7 
70 0.0: 168729.0 51954.0 534.0 4202269.0 5169614.0 709770.0 145137.0 6.6880791E7 985267.0 1.7798923E7 4.904217E7 
71 0.0: 168729.0 51954.0 534.0 4202269.0 5169614.0 709770.0 145137.0 6.6880791E7 985267.0 1.7798923E7 4.904217E7 
72 0.0: 168729.0 51954.0 534.0 4202269.0 5169614.0 709770.0 145137.0 6.6880791E7 985267.0 1.7798923E7 4.904217E7 
73 0.0: 168729.0 51954.0 534.0 4202269.0 5169614.0 709770.0 145137.0 6.6880791E7 985267.0 1.7798923E7 4.904217E7 
74 0.0: 168729.0 51954.0 534.0 4202269.0 5169614.0 709770.0 145137.0 6.6880791E7 985267.0 1.7798923E7 4.904217E7 
75 0.0: 168729.0 51954.0 534.0 4202269.0 5169614.0 709770.0 145137.0 6.6880791E7 985267.0 1.7798923E7 4.904217E7 
76 0.0: 168729.0 51954.0 534.0 4202269.0 5169614.0 709770.0 145137.0 6.6880791E7 985267.0 1.7798923E7 4.904217E7 
77 0.0: 168729.0 51954.0 534.0 4202269.0 5169614.0 709770.0 145137.0 6.6880791E7 985267.0 1.7798923E7 4.904217E7 
78 0.0: 168729.0 51954.0 534.0 4202269.0 5169614.0 709770.0 145137.0 6.6880791E7 985267.0 1.7798923E7 4.904217E7 
79 0.0: 168729.0 51954.0 534.0 4202269.0 5169614.0 709770.0 145137.0 6.6880791E7 985267.0 1.7798923E7 4.904217E7 
80 0.0: 168729.0 51954.0 534.0 4202269.0 5169614.0 709770.0 145137.0 6.6880791E7 985267.0 1.7798923E7 4.904217E7 
81 0.0: 168729.0 51954.0 534.0 4202269.0 5169614.0 709770.0 145137.0 6.6880791E7 985267.0 1.7798923E7 4.904217E7 
82 0.0: 168729.0 51954.0 534.0 4202269.0 5169614.0 709770.0 145137.0 6.6880791E7 985267.0 1.7798923E7 4.904217E7 
83 0.0: 168729.0 51954.0 534.0 4202269.0 5169614.0 709770.0 145137.0 6.6880791E7 985267.0 1.7798923E7 4.904217E7 
Thoi gian chay: 373.986 giay
