0 0.0: 319929.0 75305.0 579.0 5722587.0 8821246.0 709770.0 172721.0 1.41379257E8 1365433.0 2.3623345E7 6.8800702E7 
1 0.0: 315737.0 73451.0 534.0 5473005.0 8738440.0 709770.0 172721.0 1.39646219E8 1245480.0 2.3003131E7 6.4365671E7 
2 0.0: 292807.0 73360.0 534.0 5202546.0 8469356.0 709770.0 135479.0 1.38703567E8 1126893.0 2.2596992E7 6.3745159E7 
3 0.0: 283513.0 73298.0 534.0 5173569.0 7770276.0 709770.0 135479.0 1.38554332E8 1126893.0 2.1556806E7 6.161261E7 
4 0.0: 270465.0 56492.0 534.0 5069389.0 6694066.0 709770.0 135479.0 1.38421859E8 1126893.0 2.0008255E7 6.092688E7 
5 0.0: 240339.0 54078.0 534.0 4918351.0 6672226.0 709770.0 135479.0 1.37724563E8 1126893.0 1.9223564E7 6.081754E7 
6 0.0: 236767.0 51987.0 534.0 4882586.0 6668560.0 709770.0 135479.0 1.35147567E8 1126893.0 1.8886605E7 6.0809618E7 
7 0.0: 201001.0 51000.0 534.0 4882586.0 6594098.0 709770.0 135479.0 1.33523712E8 1126893.0 1.8870904E7 6.072268E7 
8 0.0: 201001.0 50907.0 534.0 4882586.0 6487958.0 709770.0 135479.0 1.21027796E8 1126893.0 1.8130622E7 5.872159E7 
9 0.0: 201001.0 50359.0 534.0 4882586.0 6485002.0 709770.0 135479.0 1.20983117E8 1126893.0 1.8032906E7 5.7211267E7 
10 0.0: 201001.0 50359.0 534.0 4882586.0 6398050.0 709770.0 135479.0 1.19634918E8 1126893.0 1.8031155E7 5.6137042E7 
11 0.0: 201001.0 50359.0 534.0 4882586.0 6018578.0 709770.0 135479.0 1.19419597E8 1126893.0 1.7562651E7 5.53288E7 
12 0.0: 201001.0 50359.0 534.0 4882586.0 5897452.0 709770.0 135479.0 1.11016619E8 1126893.0 1.5520368E7 5.4033982E7 
13 0.0: 201001.0 50359.0 534.0 4882586.0 5897452.0 709770.0 135479.0 1.10728513E8 1126893.0 1.5470056E7 5.396125E7 
14 0.0: 201001.0 50359.0 534.0 4882586.0 5897452.0 709770.0 135479.0 1.10689085E8 1126893.0 1.5470041E7 5.3349467E7 
15 0.0: 201001.0 50359.0 534.0 4882586.0 5897452.0 709770.0 135479.0 1.05367053E8 1126893.0 1.3845324E7 5.2092216E7 
16 0.0: 201001.0 50359.0 534.0 4882586.0 5897452.0 709770.0 135479.0 1.04177833E8 1126893.0 1.3844884E7 5.1921361E7 
17 0.0: 201001.0 50359.0 534.0 4882586.0 5795546.0 709770.0 135479.0 1.03948331E8 1126893.0 1.3619551E7 5.1771751E7 
18 0.0: 201001.0 50359.0 534.0 4882586.0 5672374.0 709770.0 135479.0 1.03273819E8 1126893.0 1.3619551E7 5.1764132E7 
19 0.0: 201001.0 50359.0 534.0 4882586.0 5666726.0 709770.0 135479.0 1.03198094E8 1126893.0 1.3619551E7 5.1270093E7 
20 0.0: 201001.0 50359.0 534.0 4882586.0 5666726.0 709770.0 135479.0 1.02880772E8 1126893.0 1.3619551E7 4.8187673E7 
21 0.0: 201001.0 50359.0 534.0 4882586.0 5666726.0 709770.0 135479.0 1.02380575E8 1126893.0 1.3619551E7 4.5332407E7 
22 0.0: 201001.0 50359.0 534.0 4882586.0 5666726.0 709770.0 135479.0 1.01611234E8 1126893.0 1.3619551E7 4.5115884E7 
23 0.0: 201001.0 50359.0 534.0 4882586.0 5666726.0 709770.0 135479.0 9.7887701E7 1126893.0 1.3619551E7 4.4914724E7 
24 0.0: 201001.0 50359.0 534.0 4882586.0 5666726.0 709770.0 135479.0 9.7287347E7 1126893.0 1.3619551E7 4.4840981E7 
25 0.0: 201001.0 50359.0 534.0 4882586.0 5666726.0 709770.0 135479.0 9.7176755E7 1126893.0 1.3619551E7 4.4401556E7 
26 0.0: 201001.0 50359.0 534.0 4882586.0 5666726.0 709770.0 135479.0 9.6986489E7 1126893.0 1.3619551E7 4.4379738E7 
27 0.0: 201001.0 50359.0 534.0 4882586.0 5666726.0 709770.0 135479.0 9.6958217E7 1126893.0 1.3619551E7 4.4072402E7 
28 0.0: 201001.0 50359.0 534.0 4882586.0 5666726.0 709770.0 135479.0 9.5609153E7 1126893.0 1.3619551E7 4.3856899E7 
29 0.0: 201001.0 50359.0 534.0 4882586.0 5666726.0 709770.0 135479.0 9.2985395E7 1126893.0 1.3619551E7 4.320035E7 
30 0.0: 201001.0 50359.0 534.0 4882586.0 5666726.0 709770.0 135479.0 9.2962978E7 1126893.0 1.3619551E7 4.2113484E7 
31 0.0: 201001.0 50359.0 534.0 4882586.0 5666726.0 709770.0 135479.0 9.2454102E7 1126893.0 1.3619551E7 4.1180427E7 
32 0.0: 201001.0 50359.0 534.0 4882586.0 5666726.0 709770.0 135479.0 9.2452884E7 1126893.0 1.3619551E7 3.8407276E7 
33 0.0: 201001.0 50359.0 534.0 4882586.0 5666726.0 709770.0 135479.0 9.1964246E7 1126893.0 1.3619551E7 3.8255993E7 
34 0.0: 201001.0 50359.0 534.0 4882586.0 5666726.0 709770.0 135479.0 8.9788594E7 1126893.0 1.3619551E7 3.8247735E7 
35 0.0: 201001.0 50359.0 534.0 4882586.0 5666726.0 709770.0 135479.0 8.9781914E7 1126893.0 1.3619551E7 3.8247735E7 
36 0.0: 201001.0 50359.0 534.0 4882586.0 5666726.0 709770.0 135479.0 8.9300992E7 1126893.0 1.3619551E7 3.8247735E7 
37 0.0: 201001.0 50359.0 534.0 4882586.0 5666726.0 709770.0 135479.0 8.9274508E7 1126893.0 1.3619551E7 3.6504688E7 
38 0.0: 201001.0 46970.0 534.0 4882586.0 5666726.0 709770.0 135479.0 8.9127235E7 1126893.0 1.3619551E7 3.6196855E7 
39 0.0: 201001.0 46704.0 534.0 4882586.0 5666726.0 709770.0 135479.0 8.906656E7 1126893.0 1.3619551E7 3.6112751E7 
40 0.0: 201001.0 46672.0 534.0 4882586.0 5666726.0 709770.0 135479.0 8.8410156E7 1126893.0 1.3619551E7 3.6112751E7 
41 0.0: 201001.0 46672.0 534.0 4882586.0 5666726.0 709770.0 135479.0 8.5828185E7 1126893.0 1.3619551E7 3.6112751E7 
42 0.0: 201001.0 46672.0 534.0 4882586.0 5666726.0 709770.0 135479.0 8.5557697E7 1126893.0 1.3619551E7 3.6112751E7 
43 0.0: 201001.0 46672.0 534.0 4882586.0 5666726.0 709770.0 135479.0 8.5548952E7 1126893.0 1.3619551E7 3.6112751E7 
44 0.0: 201001.0 46672.0 534.0 4882586.0 5666726.0 709770.0 135479.0 8.3636097E7 1126893.0 1.3619551E7 3.6112751E7 
45 0.0: 201001.0 46672.0 534.0 4882586.0 5666726.0 709770.0 135479.0 8.3636097E7 1126893.0 1.3619551E7 3.6112751E7 
46 0.0: 201001.0 46672.0 534.0 4882586.0 5666726.0 709770.0 135479.0 8.3636097E7 1126893.0 1.3619551E7 3.6112751E7 
47 0.0: 201001.0 46672.0 534.0 4882586.0 5666726.0 709770.0 135479.0 8.3636097E7 1126893.0 1.3619551E7 3.6112751E7 
48 0.0: 201001.0 46672.0 534.0 4882586.0 5666726.0 709770.0 135479.0 8.3636097E7 1126893.0 1.3619551E7 3.6112751E7 
49 0.0: 201001.0 46672.0 534.0 4882586.0 5666726.0 709770.0 135479.0 8.2719005E7 1126893.0 1.3619551E7 3.6112751E7 
50 0.0: 201001.0 46672.0 534.0 4882586.0 5666726.0 709770.0 135479.0 8.2572247E7 1126893.0 1.3619551E7 3.6112751E7 
51 0.0: 201001.0 46672.0 534.0 4882586.0 5666726.0 709770.0 135479.0 8.1791629E7 1126893.0 1.3619551E7 3.6112751E7 
52 0.0: 201001.0 46672.0 534.0 4882586.0 5666726.0 709770.0 135479.0 7.9358264E7 1126893.0 1.3619551E7 3.6112751E7 
53 0.0: 201001.0 46672.0 534.0 4882586.0 5666726.0 709770.0 135479.0 7.5552376E7 1126893.0 1.3619551E7 3.6112751E7 
54 0.0: 201001.0 46672.0 534.0 4882586.0 5666726.0 709770.0 135479.0 7.5122048E7 1126893.0 1.3619551E7 3.6112751E7 
55 0.0: 201001.0 46672.0 534.0 4882586.0 5666726.0 709770.0 135479.0 7.4646969E7 1126893.0 1.3619551E7 3.6112751E7 
56 0.0: 201001.0 46672.0 534.0 4882586.0 5666726.0 709770.0 135479.0 7.4347364E7 1126893.0 1.3619551E7 3.6112751E7 
57 0.0: 201001.0 46672.0 534.0 4882586.0 5666726.0 709770.0 135479.0 7.3843894E7 1126893.0 1.3619551E7 3.6112751E7 
58 0.0: 201001.0 46672.0 534.0 4882586.0 5666726.0 709770.0 135479.0 7.2894932E7 1126893.0 1.3619551E7 3.6112751E7 
59 0.0: 201001.0 46672.0 534.0 4882586.0 5666726.0 709770.0 135479.0 7.2554731E7 1126893.0 1.3619551E7 3.6112751E7 
60 0.0: 201001.0 46672.0 534.0 4882586.0 5666726.0 709770.0 135479.0 7.1980699E7 1126893.0 1.3619551E7 3.6112751E7 
61 0.0: 201001.0 46672.0 534.0 4882586.0 5666726.0 709770.0 135479.0 7.1011075E7 1126893.0 1.3619551E7 3.6112751E7 
62 0.0: 201001.0 46672.0 534.0 4882586.0 5666726.0 709770.0 135479.0 7.1011075E7 1126893.0 1.3619551E7 3.6112751E7 
63 0.0: 201001.0 46672.0 534.0 4882586.0 5666726.0 709770.0 135479.0 7.1011075E7 1126893.0 1.3619551E7 3.6112751E7 
64 0.0: 201001.0 46672.0 534.0 4882586.0 5666726.0 709770.0 135479.0 7.1011075E7 1103041.0 1.3619551E7 3.6112751E7 
65 0.0: 201001.0 46672.0 534.0 4882586.0 5666726.0 709770.0 135479.0 7.1011075E7 1051299.0 1.3619551E7 3.6112751E7 
66 0.0: 201001.0 46672.0 534.0 4882586.0 5666726.0 709770.0 135479.0 7.1011075E7 1051299.0 1.3619551E7 3.6112751E7 
67 0.0: 201001.0 46672.0 534.0 4882586.0 5666726.0 709770.0 135479.0 7.1011075E7 1051299.0 1.3619551E7 3.6112751E7 
68 0.0: 201001.0 46672.0 534.0 4882586.0 5666726.0 709770.0 135479.0 7.1011075E7 1051299.0 1.3619551E7 3.6112751E7 
69 0.0: 201001.0 46672.0 534.0 4882586.0 5666726.0 709770.0 135479.0 7.1011075E7 1051299.0 1.3619551E7 3.6112751E7 
70 0.0: 201001.0 46672.0 534.0 4882586.0 5666726.0 709770.0 135479.0 7.1011075E7 1051299.0 1.3619551E7 3.6112751E7 
71 0.0: 201001.0 46672.0 534.0 4882586.0 5666726.0 709770.0 135479.0 7.0366454E7 1051299.0 1.3619551E7 3.6112751E7 
72 0.0: 201001.0 46672.0 534.0 4882586.0 5666726.0 709770.0 135479.0 7.0366454E7 1051299.0 1.3619551E7 3.6112751E7 
73 0.0: 201001.0 46672.0 534.0 4882586.0 5666726.0 709770.0 135479.0 7.0366454E7 1051299.0 1.3619551E7 3.6112751E7 
74 0.0: 201001.0 46672.0 534.0 4882586.0 5666726.0 709770.0 135479.0 7.0366454E7 1051299.0 1.3619551E7 3.6112751E7 
75 0.0: 201001.0 46672.0 534.0 4882586.0 5666726.0 709770.0 135479.0 7.0366454E7 1051299.0 1.3619551E7 3.6112751E7 
76 0.0: 201001.0 46672.0 534.0 4882586.0 5666726.0 709770.0 135479.0 7.0366454E7 1051299.0 1.3619551E7 3.6112751E7 
77 0.0: 201001.0 46672.0 534.0 4882586.0 5666726.0 709770.0 135479.0 7.0366454E7 1051299.0 1.3619551E7 3.6112751E7 
78 0.0: 201001.0 46672.0 534.0 4882586.0 5666726.0 709770.0 135479.0 7.0366454E7 1051299.0 1.3619551E7 3.6112751E7 
79 0.0: 201001.0 46672.0 534.0 4882586.0 5666726.0 709770.0 135479.0 7.0366454E7 1051299.0 1.3619551E7 3.6112751E7 
80 0.0: 201001.0 46672.0 534.0 4882586.0 5666726.0 709770.0 135479.0 7.0366454E7 1051299.0 1.3619551E7 3.6112751E7 
81 0.0: 201001.0 46672.0 534.0 4882586.0 5666726.0 709770.0 135479.0 7.0366454E7 1051299.0 1.3619551E7 3.6112751E7 
82 0.0: 201001.0 46672.0 534.0 4882586.0 5666726.0 709770.0 135479.0 7.0366454E7 1051299.0 1.3619551E7 3.6112751E7 
83 0.0: 201001.0 46672.0 534.0 4882586.0 5666726.0 709770.0 135479.0 7.0366454E7 1051299.0 1.3619551E7 3.6112751E7 
84 0.0: 201001.0 46672.0 534.0 4882586.0 5666726.0 709770.0 135479.0 7.0366454E7 1051299.0 1.3619551E7 3.6112751E7 
85 0.0: 201001.0 46672.0 534.0 4882586.0 5666726.0 709770.0 135479.0 7.0366454E7 1051299.0 1.3619551E7 3.6112751E7 
86 0.0: 201001.0 46672.0 534.0 4882586.0 5377728.0 709770.0 135479.0 7.0366454E7 1051299.0 1.3619551E7 3.6112751E7 
87 0.0: 201001.0 46672.0 534.0 4882586.0 5292552.0 709770.0 135479.0 7.0366454E7 1051299.0 1.3619551E7 3.6112751E7 
88 0.0: 201001.0 46672.0 534.0 4882586.0 5222294.0 709770.0 135479.0 7.0366454E7 1051299.0 1.3619551E7 3.6112751E7 
89 0.0: 201001.0 46672.0 534.0 4882586.0 4891014.0 709770.0 135479.0 7.0366454E7 1051299.0 1.3619551E7 3.6112751E7 
90 0.0: 201001.0 46672.0 534.0 4882586.0 4883646.0 709770.0 135479.0 7.0366454E7 1051299.0 1.3619551E7 3.6112751E7 
91 0.0: 201001.0 46672.0 534.0 4882586.0 4883646.0 709770.0 135479.0 7.0366454E7 1051299.0 1.3619551E7 3.6112751E7 
92 0.0: 201001.0 46672.0 534.0 4882586.0 4883646.0 709770.0 135479.0 7.0366454E7 1051299.0 1.3619551E7 3.6112751E7 
93 0.0: 201001.0 46672.0 534.0 4882586.0 4883646.0 709770.0 135479.0 7.0366454E7 1051299.0 1.3619551E7 3.6112751E7 
94 0.0: 201001.0 46672.0 534.0 4882586.0 4883646.0 709770.0 135479.0 7.0366454E7 1051299.0 1.3619551E7 3.6112751E7 
95 0.0: 201001.0 46672.0 534.0 4882586.0 4883646.0 709770.0 135479.0 7.0366454E7 1051299.0 1.3619551E7 3.6112751E7 
96 0.0: 201001.0 46672.0 534.0 4882586.0 4883646.0 709770.0 135479.0 7.0366454E7 1051299.0 1.3619551E7 3.6112751E7 
97 0.0: 201001.0 46672.0 534.0 4882586.0 4883646.0 709770.0 135479.0 7.0366454E7 1051299.0 1.3619551E7 3.6112751E7 
98 0.0: 201001.0 46672.0 534.0 4882586.0 4883646.0 709770.0 135479.0 7.0366454E7 1051299.0 1.3619551E7 3.6112751E7 
99 0.0: 201001.0 46672.0 534.0 4882586.0 4883646.0 709770.0 135479.0 7.0366454E7 1051299.0 1.3619551E7 3.6112751E7 
100 0.0: 201001.0 46672.0 534.0 4882586.0 4883646.0 709770.0 135479.0 7.0366454E7 1051299.0 1.3619551E7 3.6112751E7 
101 0.0: 201001.0 46672.0 534.0 4882586.0 4883646.0 709770.0 135479.0 7.0366454E7 1051299.0 1.3619551E7 3.6112751E7 
102 0.0: 201001.0 46672.0 534.0 4882586.0 4883646.0 709770.0 135479.0 7.0366454E7 1051299.0 1.3619551E7 3.6112751E7 
Thoi gian chay: 395.617 giay
