0 0.0: 289119.0 79108.0 640.0 7900014.0 8401448.0 709770.0 148194.0 1.53320931E8 1484901.0 2.7699013E7 7.5387487E7 
1 0.0: 282007.0 77292.0 640.0 7390656.0 8054412.0 709770.0 148194.0 1.49544042E8 1261664.0 2.5736543E7 7.3142669E7 
2 0.0: 243633.0 77284.0 640.0 6324855.0 7925536.0 709770.0 148194.0 1.46578251E8 1209800.0 2.4169745E7 7.1544893E7 
3 0.0: 229709.0 74902.0 640.0 6320353.0 5987882.0 709770.0 148194.0 1.45948002E8 1194290.0 2.3778877E7 6.760729E7 
4 0.0: 216087.0 70454.0 640.0 5442312.0 5977280.0 709770.0 148194.0 1.37938359E8 1071899.0 2.3659871E7 6.7050994E7 
5 0.0: 208527.0 67185.0 640.0 5442312.0 5869110.0 709770.0 148194.0 1.37374321E8 1005809.0 2.1741513E7 6.694331E7 
6 0.0: 200289.0 61432.0 640.0 5442312.0 5862102.0 709770.0 148194.0 1.36543309E8 1005472.0 2.1470008E7 6.6924296E7 
7 0.0: 200289.0 61096.0 640.0 5442312.0 5851954.0 709770.0 148194.0 1.36522925E8 1005472.0 2.1086331E7 6.5352067E7 
8 0.0: 200289.0 60963.0 640.0 5442312.0 5792772.0 709770.0 148194.0 1.29297507E8 1005472.0 2.0500467E7 6.4683053E7 
9 0.0: 200289.0 59912.0 640.0 5442312.0 5706174.0 709770.0 148194.0 1.28528631E8 1005472.0 1.956439E7 6.4248895E7 
10 0.0: 200289.0 59818.0 640.0 5442312.0 5421278.0 709770.0 148194.0 1.2552013E8 1005472.0 1.8160496E7 6.1017334E7 
11 0.0: 200289.0 59818.0 640.0 5442312.0 5313442.0 709770.0 148194.0 1.23021804E8 1005472.0 1.7930246E7 5.883481E7 
12 0.0: 200289.0 59818.0 640.0 5442312.0 5313442.0 709770.0 148194.0 1.22093675E8 1005472.0 1.7877661E7 5.849671E7 
13 0.0: 200289.0 57509.0 640.0 5442312.0 5313442.0 709770.0 148194.0 1.22002583E8 1005472.0 1.7727547E7 5.8389768E7 
14 0.0: 200289.0 57497.0 640.0 5442312.0 5313442.0 709770.0 148194.0 1.14874923E8 1005472.0 1.7345877E7 5.6688471E7 
15 0.0: 200289.0 57497.0 640.0 5442312.0 5313442.0 709770.0 148194.0 1.14492277E8 1005472.0 1.7228149E7 5.3619106E7 
16 0.0: 200289.0 57497.0 640.0 5325704.0 5313442.0 709770.0 148194.0 1.13414987E8 896575.0 1.633352E7 5.3510322E7 
17 0.0: 200289.0 54283.0 640.0 5284026.0 5313442.0 709770.0 148194.0 1.12530436E8 896575.0 1.6007224E7 5.3252894E7 
18 0.0: 197043.0 54283.0 640.0 5284026.0 5313442.0 709770.0 148194.0 1.11950206E8 896575.0 1.5669186E7 5.3039054E7 
19 0.0: 187613.0 52684.0 640.0 5284026.0 5313442.0 709770.0 148194.0 1.10569439E8 896575.0 1.4998225E7 5.2604436E7 
20 0.0: 186019.0 52684.0 640.0 5284026.0 5313442.0 709770.0 148194.0 1.09195885E8 896575.0 1.4836725E7 5.1905366E7 
21 0.0: 185893.0 52684.0 640.0 5284026.0 5313442.0 709770.0 148194.0 1.09189657E8 896575.0 1.4490741E7 5.1765875E7 
22 0.0: 185893.0 52684.0 640.0 5284026.0 5313442.0 709770.0 148194.0 1.08803431E8 896575.0 1.4490741E7 5.0036535E7 
23 0.0: 185893.0 52684.0 640.0 5284026.0 5313442.0 709770.0 148194.0 1.08795069E8 896575.0 1.4490741E7 4.9717612E7 
24 0.0: 185893.0 52684.0 640.0 5284026.0 5313442.0 709770.0 148194.0 1.06634745E8 896575.0 1.4490741E7 4.8094136E7 
25 0.0: 185893.0 52684.0 640.0 5284026.0 5313442.0 709770.0 148194.0 1.06058308E8 896575.0 1.4490741E7 4.7229871E7 
26 0.0: 185893.0 52684.0 640.0 5284026.0 5313442.0 709770.0 148194.0 1.06019566E8 896575.0 1.4490741E7 4.6522365E7 
27 0.0: 185893.0 52684.0 640.0 5284026.0 5313442.0 709770.0 148194.0 1.0519428E8 896575.0 1.4490741E7 4.5173734E7 
28 0.0: 183735.0 52684.0 640.0 5284026.0 5313442.0 709770.0 148194.0 1.04066202E8 896575.0 1.4490741E7 4.4428371E7 
29 0.0: 181723.0 52684.0 640.0 5284026.0 5313442.0 709770.0 148194.0 1.03152636E8 896575.0 1.4490741E7 4.4317908E7 
30 0.0: 181723.0 52684.0 640.0 5284026.0 5313442.0 709770.0 148194.0 1.03052254E8 896575.0 1.4490741E7 4.3958026E7 
31 0.0: 181723.0 52684.0 640.0 5284026.0 5313442.0 709770.0 148194.0 9.9041467E7 896575.0 1.4490741E7 4.3599722E7 
32 0.0: 181723.0 52684.0 640.0 5284026.0 5313442.0 709770.0 148194.0 9.8512598E7 896575.0 1.4490741E7 4.2401098E7 
33 0.0: 181723.0 52684.0 640.0 5284026.0 5313442.0 709770.0 148194.0 9.8292812E7 896575.0 1.4490741E7 4.2375313E7 
34 0.0: 181723.0 52684.0 640.0 5284026.0 5313442.0 709770.0 148194.0 9.6800314E7 896575.0 1.4490741E7 4.2217889E7 
35 0.0: 181723.0 52684.0 640.0 5284026.0 5313442.0 709770.0 148194.0 9.6694728E7 896575.0 1.4490741E7 4.215106E7 
36 0.0: 181723.0 52684.0 640.0 5284026.0 5313442.0 709770.0 148194.0 9.5952544E7 896575.0 1.4490741E7 4.1950864E7 
37 0.0: 181723.0 52684.0 640.0 5284026.0 5313442.0 709770.0 148194.0 9.5338452E7 896575.0 1.4490741E7 3.9795589E7 
38 0.0: 181723.0 52684.0 640.0 5284026.0 5313442.0 709770.0 148194.0 9.5323382E7 896575.0 1.4490741E7 3.9786218E7 
39 0.0: 181723.0 52684.0 640.0 5284026.0 5313442.0 709770.0 148194.0 9.5033058E7 896575.0 1.4490741E7 3.772018E7 
40 0.0: 181723.0 52684.0 640.0 5284026.0 5313442.0 709770.0 148194.0 9.313094E7 896575.0 1.4490741E7 3.3999022E7 
41 0.0: 181723.0 52684.0 640.0 5284026.0 5313442.0 709770.0 148194.0 9.2890896E7 896575.0 1.4490741E7 3.3823554E7 
42 0.0: 181723.0 52684.0 640.0 5284026.0 5313442.0 709770.0 148194.0 9.1761618E7 896575.0 1.4490741E7 3.3625865E7 
43 0.0: 181723.0 52684.0 640.0 5284026.0 5313442.0 709770.0 148194.0 8.9843674E7 896575.0 1.4490741E7 3.3353809E7 
44 0.0: 181723.0 52684.0 640.0 5284026.0 5313442.0 709770.0 148194.0 8.8257209E7 896575.0 1.4490741E7 3.3226226E7 
45 0.0: 181723.0 52684.0 640.0 5284026.0 5313442.0 709770.0 148194.0 8.7704994E7 896575.0 1.4490741E7 3.3226226E7 
46 0.0: 181723.0 52684.0 640.0 5284026.0 5313442.0 709770.0 148194.0 8.6602822E7 896575.0 1.4490741E7 3.3226226E7 
47 0.0: 181723.0 52684.0 640.0 5284026.0 5313442.0 709770.0 148194.0 8.6001052E7 896575.0 1.4490741E7 3.3226226E7 
48 0.0: 181723.0 52684.0 640.0 5284026.0 5313442.0 709770.0 148194.0 8.5756152E7 896575.0 1.4490741E7 3.3226226E7 
49 0.0: 181723.0 52684.0 640.0 5284026.0 5313442.0 709770.0 148194.0 8.5692159E7 896575.0 1.4490741E7 3.3226226E7 
50 0.0: 181723.0 52684.0 640.0 5284026.0 5313442.0 709770.0 148194.0 8.5169149E7 896575.0 1.4490741E7 3.3226226E7 
51 0.0: 181723.0 52684.0 640.0 5284026.0 5313442.0 709770.0 148194.0 8.5052237E7 896575.0 1.4490741E7 3.3226226E7 
52 0.0: 181723.0 52684.0 640.0 5284026.0 5313442.0 709770.0 148194.0 8.4829747E7 896575.0 1.4490741E7 3.3226226E7 
53 0.0: 181723.0 51447.0 640.0 5284026.0 5313442.0 709770.0 148194.0 8.4421496E7 896575.0 1.4490741E7 3.3226226E7 
54 0.0: 181723.0 51447.0 640.0 5284026.0 5313442.0 709770.0 148194.0 8.2219072E7 896575.0 1.4490741E7 3.3226226E7 
55 0.0: 181723.0 51447.0 640.0 5284026.0 5313442.0 709770.0 148194.0 8.1801911E7 896575.0 1.4490741E7 3.3226226E7 
56 0.0: 181723.0 51447.0 640.0 5284026.0 5313442.0 709770.0 148194.0 8.1496981E7 896575.0 1.4490741E7 3.3226226E7 
57 0.0: 181723.0 51447.0 640.0 5284026.0 5313442.0 709770.0 148194.0 8.1340584E7 896575.0 1.4490741E7 3.3226226E7 
58 0.0: 181723.0 51447.0 640.0 5284026.0 5313442.0 709770.0 148194.0 8.1340584E7 896575.0 1.4490741E7 3.3226226E7 
59 0.0: 181723.0 51447.0 640.0 5284026.0 5313442.0 709770.0 148194.0 8.1340584E7 896575.0 1.4490741E7 3.3226226E7 
60 0.0: 181723.0 51447.0 640.0 5284026.0 5313442.0 709770.0 148194.0 8.1340584E7 896575.0 1.4490741E7 3.3226226E7 
61 0.0: 181723.0 51447.0 640.0 5284026.0 5313442.0 709770.0 148194.0 8.1340584E7 896575.0 1.4490741E7 3.3226226E7 
62 0.0: 181723.0 51447.0 640.0 5284026.0 5313442.0 709770.0 148194.0 8.1340584E7 896575.0 1.4490741E7 3.3226226E7 
63 0.0: 181723.0 51447.0 640.0 5284026.0 5313442.0 709770.0 148194.0 8.1340584E7 896575.0 1.4490741E7 3.3226226E7 
64 0.0: 181723.0 51447.0 640.0 5284026.0 5313442.0 709770.0 148194.0 8.1340584E7 896575.0 1.4490741E7 3.3226226E7 
65 0.0: 181723.0 51447.0 640.0 5284026.0 5264662.0 709770.0 148194.0 8.1340584E7 896575.0 1.4490741E7 3.3226226E7 
66 0.0: 181723.0 51447.0 640.0 5284026.0 5264662.0 709770.0 148194.0 8.1340584E7 896575.0 1.4490741E7 3.3226226E7 
67 0.0: 181723.0 51447.0 640.0 5284026.0 5264662.0 709770.0 148194.0 8.1340584E7 896575.0 1.4490741E7 3.3226226E7 
68 0.0: 181723.0 51447.0 640.0 5284026.0 5264662.0 709770.0 148194.0 8.1340584E7 896575.0 1.4490741E7 3.3226226E7 
69 0.0: 165279.0 51447.0 640.0 5284026.0 5264662.0 709770.0 148194.0 8.1340584E7 896575.0 1.4490741E7 3.3226226E7 
70 0.0: 162305.0 51447.0 640.0 5284026.0 5264662.0 709770.0 148194.0 8.1340584E7 896575.0 1.4490741E7 3.3226226E7 
71 0.0: 160023.0 51447.0 640.0 5284026.0 5264662.0 709770.0 148194.0 8.1340584E7 896575.0 1.4490741E7 3.3226226E7 
72 0.0: 158475.0 51447.0 640.0 5284026.0 5264662.0 709770.0 148194.0 8.1340584E7 896575.0 1.4490741E7 3.3226226E7 
73 0.0: 158475.0 51447.0 640.0 5284026.0 5264662.0 709770.0 148194.0 8.1340584E7 896575.0 1.4490741E7 3.3226226E7 
74 0.0: 158475.0 51447.0 640.0 5284026.0 5264662.0 709770.0 148194.0 8.1340584E7 896575.0 1.4490741E7 3.3226226E7 
75 0.0: 158475.0 51447.0 640.0 5284026.0 5264662.0 709770.0 148194.0 8.1340584E7 896575.0 1.4490741E7 3.3226226E7 
76 0.0: 158475.0 51447.0 640.0 5284026.0 5264662.0 709770.0 148194.0 8.1340584E7 896575.0 1.4490741E7 3.3226226E7 
77 0.0: 158475.0 51447.0 640.0 5284026.0 5264662.0 709770.0 148194.0 8.1340584E7 896575.0 1.4490741E7 3.3226226E7 
78 0.0: 158475.0 51447.0 640.0 5284026.0 5264662.0 709770.0 148194.0 8.1340584E7 896575.0 1.4490741E7 3.3226226E7 
79 0.0: 158475.0 51447.0 640.0 5284026.0 5264662.0 709770.0 148194.0 8.1340584E7 896575.0 1.4490741E7 3.3226226E7 
80 0.0: 158475.0 51447.0 640.0 5284026.0 5264662.0 709770.0 148194.0 8.1340584E7 896575.0 1.4490741E7 3.3226226E7 
81 0.0: 158475.0 51447.0 640.0 5284026.0 5264662.0 709770.0 148194.0 8.1340584E7 896575.0 1.4490741E7 3.3226226E7 
82 0.0: 158475.0 51447.0 640.0 5284026.0 5264662.0 709770.0 148194.0 8.1340584E7 896575.0 1.4490741E7 3.3226226E7 
83 0.0: 158475.0 51447.0 640.0 5284026.0 5264662.0 709770.0 148194.0 8.1340584E7 896575.0 1.4490741E7 3.3226226E7 
84 0.0: 158475.0 51447.0 640.0 5284026.0 5264662.0 709770.0 148194.0 8.1340584E7 896575.0 1.4490741E7 3.3226226E7 
85 0.0: 158475.0 51447.0 640.0 5284026.0 5264662.0 709770.0 148194.0 8.1340584E7 896575.0 1.4490741E7 3.3226226E7 
86 0.0: 158475.0 51447.0 640.0 5284026.0 5264662.0 709770.0 148194.0 8.1340584E7 896575.0 1.4490741E7 3.3226226E7 
87 0.0: 158475.0 51447.0 640.0 5284026.0 5264662.0 709770.0 148194.0 8.1340584E7 896575.0 1.4490741E7 3.3226226E7 
88 0.0: 158475.0 51447.0 640.0 5284026.0 5264662.0 709770.0 148194.0 8.1340584E7 896575.0 1.4490741E7 3.3226226E7 
89 0.0: 158475.0 51447.0 640.0 5284026.0 5264662.0 709770.0 148194.0 8.1340584E7 896575.0 1.4490741E7 3.3226226E7 
90 0.0: 158475.0 51447.0 640.0 5284026.0 5264662.0 709770.0 148194.0 8.1340584E7 896575.0 1.4490741E7 3.3226226E7 
91 0.0: 158475.0 51447.0 640.0 5284026.0 5264662.0 709770.0 148194.0 8.1340584E7 896575.0 1.4490741E7 3.3226226E7 
92 0.0: 158475.0 51447.0 640.0 5284026.0 5264662.0 709770.0 148194.0 8.1340584E7 896575.0 1.4419919E7 3.3226226E7 
93 0.0: 158475.0 51447.0 640.0 5284026.0 5264662.0 709770.0 148194.0 8.1340584E7 896575.0 1.4419501E7 3.3226226E7 
94 0.0: 158475.0 51447.0 640.0 5284026.0 5264662.0 709770.0 148194.0 8.1340584E7 896575.0 1.4419501E7 3.3226226E7 
95 0.0: 158475.0 51447.0 640.0 5284026.0 5264662.0 709770.0 148194.0 8.1340584E7 896575.0 1.4419501E7 3.3226226E7 
96 0.0: 158475.0 51447.0 640.0 5284026.0 5264662.0 709770.0 148194.0 8.1340584E7 896575.0 1.4419501E7 3.3226226E7 
97 0.0: 158475.0 51447.0 640.0 5284026.0 5264662.0 709770.0 148194.0 8.1340584E7 896575.0 1.4419501E7 3.3226226E7 
98 0.0: 158475.0 51447.0 640.0 5284026.0 5264662.0 709770.0 148194.0 8.1340584E7 896575.0 1.4419501E7 3.3226226E7 
99 0.0: 158475.0 51447.0 640.0 5284026.0 5264662.0 709770.0 148194.0 8.1340584E7 896575.0 1.4419501E7 3.2998253E7 
100 0.0: 158475.0 51447.0 640.0 5284026.0 5264662.0 709770.0 148194.0 8.1340584E7 896575.0 1.4419501E7 3.2991243E7 
101 0.0: 158475.0 51447.0 640.0 5284026.0 5264662.0 709770.0 148194.0 8.1340584E7 896575.0 1.4419501E7 3.2948384E7 
102 0.0: 158475.0 51447.0 640.0 5284026.0 5264662.0 709770.0 148194.0 8.1340584E7 896575.0 1.4419501E7 3.0656413E7 
103 0.0: 158475.0 51447.0 640.0 5284026.0 5264662.0 709770.0 148194.0 8.1340584E7 896575.0 1.4419501E7 3.0488555E7 
104 0.0: 158475.0 51447.0 640.0 5284026.0 5264662.0 709770.0 148194.0 8.1340584E7 896575.0 1.4419501E7 3.0488555E7 
105 0.0: 158475.0 51447.0 640.0 5284026.0 5264662.0 709770.0 148194.0 8.1340584E7 896575.0 1.4419501E7 3.0488555E7 
106 0.0: 158475.0 51447.0 640.0 5284026.0 5264662.0 709770.0 148194.0 8.1340584E7 896575.0 1.4419501E7 3.0488555E7 
107 0.0: 158475.0 51447.0 640.0 5284026.0 5264662.0 709770.0 148194.0 8.1340584E7 896575.0 1.4419501E7 3.0488555E7 
108 0.0: 158475.0 51447.0 640.0 5284026.0 5264662.0 709770.0 148194.0 8.1340584E7 896575.0 1.4419501E7 3.0488555E7 
109 0.0: 158475.0 51447.0 640.0 5284026.0 5264662.0 709770.0 148194.0 8.1340584E7 896575.0 1.4419501E7 3.0488555E7 
110 0.0: 158475.0 51447.0 640.0 5284026.0 5264662.0 709770.0 148194.0 8.1195612E7 896575.0 1.4419501E7 3.0488555E7 
111 0.0: 158475.0 51447.0 640.0 5284026.0 5264662.0 709770.0 148194.0 8.1168453E7 896575.0 1.4419501E7 3.0488555E7 
112 0.0: 158475.0 51447.0 640.0 5284026.0 5264662.0 709770.0 148194.0 8.1105303E7 896575.0 1.4419501E7 3.0488555E7 
113 0.0: 158475.0 51447.0 640.0 5284026.0 5264662.0 709770.0 148194.0 8.100985E7 896575.0 1.4419501E7 3.0488555E7 
114 0.0: 158475.0 51447.0 640.0 5284026.0 5264662.0 709770.0 148194.0 8.100985E7 896575.0 1.4419501E7 3.0488555E7 
115 0.0: 158475.0 51447.0 640.0 5284026.0 5264662.0 709770.0 148194.0 8.100985E7 896575.0 1.4419501E7 3.0488555E7 
116 0.0: 158475.0 51447.0 640.0 5284026.0 5264662.0 709770.0 148194.0 8.100985E7 896575.0 1.4419501E7 3.0488555E7 
117 0.0: 158475.0 51447.0 640.0 5284026.0 5264662.0 709770.0 148194.0 8.100985E7 896575.0 1.4419501E7 3.0488555E7 
118 0.0: 158475.0 51447.0 640.0 5284026.0 5264662.0 709770.0 148194.0 8.100985E7 896575.0 1.4419501E7 3.0488555E7 
119 0.0: 158475.0 51447.0 640.0 5284026.0 5264662.0 709770.0 148194.0 8.100985E7 896575.0 1.4419501E7 3.0488555E7 
120 0.0: 158475.0 51447.0 640.0 5284026.0 5264662.0 709770.0 148194.0 8.100985E7 896575.0 1.4419501E7 3.0488555E7 
121 0.0: 158475.0 51447.0 640.0 5284026.0 5264662.0 709770.0 148194.0 8.100985E7 896575.0 1.4419501E7 3.0488555E7 
Thoi gian chay: 378.94 giay
