0 0.0: 338577.0 76332.0 640.0 8384731.0 7938884.0 709770.0 161694.0 1.58745634E8 1546177.0 2.3193902E7 7.8087601E7 
1 0.0: 338117.0 73448.0 640.0 6836478.0 7413176.0 709770.0 157047.0 1.56083846E8 1303812.0 2.2618429E7 7.5013386E7 
2 0.0: 326831.0 72252.0 640.0 6770295.0 7409576.0 709770.0 157047.0 1.56001702E8 1156614.0 2.2089481E7 7.1853695E7 
3 0.0: 318185.0 71708.0 640.0 6721145.0 7395676.0 709770.0 157047.0 1.47276709E8 1156614.0 2.2056078E7 7.1479511E7 
4 0.0: 285097.0 70871.0 640.0 6688545.0 7390276.0 709770.0 156459.0 1.43274734E8 1156614.0 2.165186E7 6.7589902E7 
5 0.0: 281371.0 68391.0 640.0 6480023.0 6709276.0 709770.0 156459.0 1.4276394E8 1156614.0 2.1625083E7 6.700113E7 
6 0.0: 272533.0 68343.0 640.0 6281047.0 6020448.0 709770.0 156459.0 1.42460209E8 1129790.0 2.1536089E7 6.5950199E7 
7 0.0: 266431.0 65089.0 640.0 6281047.0 5616720.0 709770.0 156459.0 1.41581095E8 1129790.0 2.0209062E7 6.3337653E7 
8 0.0: 260185.0 64693.0 640.0 6281047.0 5582584.0 709770.0 156459.0 1.40926299E8 1129790.0 1.9534008E7 6.1243086E7 
9 0.0: 259959.0 64693.0 640.0 6281047.0 5490714.0 709770.0 156459.0 1.36133686E8 1129790.0 1.9499319E7 6.1032645E7 
10 0.0: 246907.0 64693.0 640.0 6281047.0 5490714.0 709770.0 156459.0 1.35558673E8 1129790.0 1.8163267E7 6.0756928E7 
11 0.0: 245209.0 64693.0 640.0 6281047.0 5490714.0 709770.0 156459.0 1.32778535E8 1129790.0 1.8157528E7 5.8419457E7 
12 0.0: 211749.0 64693.0 640.0 6281047.0 5490714.0 709770.0 156459.0 1.32679018E8 1129790.0 1.6823756E7 5.77898E7 
13 0.0: 204639.0 59799.0 640.0 6281047.0 5490714.0 709770.0 156459.0 1.32580981E8 1129790.0 1.6813693E7 5.7356405E7 
14 0.0: 203933.0 59657.0 640.0 6281047.0 5490714.0 709770.0 156459.0 1.29839159E8 1129790.0 1.6172224E7 5.7275228E7 
15 0.0: 198505.0 59475.0 640.0 6281047.0 5490714.0 709770.0 156459.0 1.28292397E8 1129790.0 1.6172224E7 5.7253276E7 
16 0.0: 198505.0 59133.0 640.0 6281047.0 5490714.0 709770.0 156459.0 1.22471152E8 1129790.0 1.6172224E7 5.6005278E7 
17 0.0: 198505.0 59071.0 640.0 5803564.0 5490714.0 709770.0 156459.0 1.2131675E8 1129790.0 1.6172224E7 5.5448083E7 
18 0.0: 198505.0 58135.0 640.0 5745964.0 5490714.0 709770.0 156459.0 1.20703747E8 1129790.0 1.6172224E7 5.5427847E7 
19 0.0: 198505.0 58065.0 640.0 5745964.0 5490714.0 709770.0 156459.0 1.16997882E8 1129790.0 1.6172224E7 5.5109326E7 
20 0.0: 198505.0 57683.0 640.0 5745964.0 5490714.0 709770.0 156459.0 1.16849748E8 1129790.0 1.6172224E7 5.2739318E7 
21 0.0: 198505.0 56601.0 640.0 5745964.0 5490714.0 709770.0 156459.0 1.16837497E8 1129790.0 1.6172224E7 5.0189686E7 
22 0.0: 198505.0 55969.0 640.0 5745964.0 5490714.0 709770.0 156459.0 1.16349397E8 1129790.0 1.6172224E7 4.9689167E7 
23 0.0: 198505.0 55969.0 640.0 5745964.0 5490714.0 709770.0 156459.0 1.16083519E8 1129790.0 1.6019435E7 4.7947171E7 
24 0.0: 198505.0 55969.0 640.0 5745964.0 5490714.0 709770.0 156459.0 1.13486501E8 1129790.0 1.601484E7 4.586604E7 
25 0.0: 198505.0 55969.0 640.0 5745964.0 5490714.0 709770.0 156459.0 1.11933075E8 1129790.0 1.601484E7 4.5323073E7 
26 0.0: 185915.0 54788.0 640.0 5745964.0 5490714.0 709770.0 151964.0 1.1077776E8 1129790.0 1.4998611E7 4.4671819E7 
27 0.0: 184715.0 54747.0 640.0 5745964.0 5490714.0 709770.0 140295.0 1.10652356E8 1129790.0 1.493006E7 4.4615583E7 
28 0.0: 180355.0 54747.0 640.0 5745964.0 5490714.0 709770.0 140295.0 1.07016436E8 1129790.0 1.3959548E7 4.338782E7 
29 0.0: 180355.0 54747.0 640.0 5745964.0 4083130.0 709770.0 140295.0 1.06430968E8 1129790.0 1.3830137E7 4.3344133E7 
30 0.0: 180355.0 54747.0 640.0 5745964.0 4083130.0 709770.0 140295.0 1.05844893E8 1129790.0 1.3830137E7 4.2682082E7 
31 0.0: 180355.0 54747.0 640.0 5745964.0 4083130.0 709770.0 140295.0 1.056967E8 1129790.0 1.3830137E7 4.2682082E7 
32 0.0: 180355.0 54747.0 640.0 5745964.0 4083130.0 709770.0 140295.0 1.05371831E8 1129790.0 1.3830137E7 4.2682082E7 
33 0.0: 180355.0 54747.0 640.0 5745964.0 4083130.0 709770.0 140295.0 9.9164811E7 1129790.0 1.3830137E7 4.2682082E7 
34 0.0: 180355.0 54747.0 640.0 5745964.0 4083130.0 709770.0 140295.0 9.8942478E7 1129790.0 1.3830137E7 4.2682082E7 
35 0.0: 180355.0 54747.0 640.0 5745964.0 4083130.0 709770.0 140295.0 9.7544015E7 1129790.0 1.3830137E7 4.2682082E7 
36 0.0: 180355.0 54747.0 640.0 5745964.0 4083130.0 709770.0 140295.0 9.7518146E7 1129790.0 1.3830137E7 4.2682082E7 
37 0.0: 180355.0 54747.0 640.0 5745964.0 4083130.0 709770.0 140295.0 9.3496451E7 1129790.0 1.3830137E7 4.2682082E7 
38 0.0: 180355.0 54747.0 640.0 5745964.0 4083130.0 709770.0 140295.0 9.3164807E7 1129790.0 1.3830137E7 4.2682082E7 
39 0.0: 180355.0 54747.0 640.0 5745964.0 4083130.0 709770.0 140295.0 8.9958942E7 1129790.0 1.3830137E7 4.2682082E7 
40 0.0: 180355.0 54747.0 640.0 5745964.0 4083130.0 709770.0 140295.0 8.9858805E7 1129790.0 1.3830137E7 4.2682082E7 
41 0.0: 180355.0 54573.0 640.0 5745964.0 4083130.0 709770.0 140295.0 8.9745606E7 1129790.0 1.3830137E7 4.2682082E7 
42 0.0: 180355.0 54573.0 640.0 5745964.0 4083130.0 709770.0 140295.0 8.973399E7 1129790.0 1.3830137E7 4.2682082E7 
43 0.0: 180355.0 54573.0 640.0 5745964.0 4083130.0 709770.0 140295.0 8.959633E7 1129790.0 1.3830137E7 4.2682082E7 
44 0.0: 180355.0 54573.0 640.0 5745964.0 4083130.0 709770.0 140295.0 8.959633E7 1129790.0 1.3830137E7 4.2682082E7 
45 0.0: 180355.0 54573.0 640.0 5745964.0 4052630.0 709770.0 140295.0 8.959633E7 1129790.0 1.3830137E7 4.2682082E7 
46 0.0: 180355.0 54573.0 640.0 5745964.0 4052630.0 709770.0 140295.0 8.959633E7 1129790.0 1.3830137E7 4.2682082E7 
47 0.0: 180355.0 54573.0 640.0 5745964.0 4052630.0 709770.0 140295.0 8.959633E7 1129790.0 1.3830137E7 4.2682082E7 
48 0.0: 180355.0 54573.0 640.0 5745964.0 4052630.0 709770.0 140295.0 8.959633E7 1129790.0 1.3830137E7 4.2682082E7 
49 0.0: 179725.0 54573.0 640.0 5745964.0 4052630.0 709770.0 140295.0 8.959633E7 1129790.0 1.3830137E7 4.2682082E7 
50 0.0: 178655.0 54573.0 640.0 5745964.0 4052630.0 709770.0 140295.0 8.959633E7 1129790.0 1.3830137E7 4.2682082E7 
51 0.0: 178655.0 54573.0 640.0 5745964.0 4052630.0 693180.0 140295.0 8.959633E7 1129790.0 1.3830137E7 4.2682082E7 
52 0.0: 178655.0 54573.0 640.0 5745964.0 4052630.0 693180.0 140295.0 8.959633E7 1129790.0 1.3830137E7 4.2682082E7 
53 0.0: 178655.0 54573.0 640.0 5745964.0 4052630.0 693180.0 140295.0 8.959633E7 1129790.0 1.3830137E7 4.2682082E7 
54 0.0: 178655.0 54573.0 640.0 5745964.0 4052630.0 693180.0 140295.0 8.9055996E7 1129790.0 1.3830137E7 4.2682082E7 
55 0.0: 178655.0 54573.0 640.0 5745964.0 4052630.0 693180.0 140295.0 8.8634543E7 1129790.0 1.3830137E7 4.2682082E7 
56 0.0: 178655.0 54573.0 640.0 5745964.0 4052630.0 693180.0 140295.0 8.8634543E7 1129790.0 1.3830137E7 4.2682082E7 
57 0.0: 178655.0 54573.0 640.0 5745964.0 4052630.0 693180.0 140295.0 8.8634543E7 1129790.0 1.3830137E7 4.2682082E7 
58 0.0: 178655.0 54573.0 640.0 5745964.0 4052630.0 693180.0 140295.0 8.8634543E7 1129790.0 1.3830137E7 4.2682082E7 
59 0.0: 178655.0 54573.0 640.0 5745964.0 4052630.0 693180.0 140295.0 8.8634543E7 1129790.0 1.3830137E7 4.2682082E7 
60 0.0: 178655.0 54573.0 640.0 5745964.0 4052630.0 693180.0 140295.0 8.8634543E7 1129790.0 1.3830137E7 4.2682082E7 
61 0.0: 178655.0 54573.0 640.0 5745964.0 4052630.0 693180.0 140295.0 8.6733898E7 1129790.0 1.3830137E7 4.2682082E7 
62 0.0: 178655.0 54573.0 640.0 5745964.0 4052630.0 693180.0 140295.0 8.6733898E7 1129790.0 1.3830137E7 4.2682082E7 
63 0.0: 178655.0 54573.0 640.0 5745964.0 4052630.0 693180.0 140295.0 8.6733898E7 1129790.0 1.3830137E7 4.2682082E7 
64 0.0: 178655.0 54573.0 640.0 5745964.0 4052630.0 693180.0 140295.0 8.6733898E7 1129790.0 1.3830137E7 4.2682082E7 
65 0.0: 178655.0 54573.0 640.0 5745964.0 4052630.0 693180.0 140295.0 8.6733898E7 1129790.0 1.3830137E7 4.2682082E7 
66 0.0: 178655.0 54573.0 640.0 5745964.0 4052630.0 693180.0 140295.0 8.6733898E7 1129790.0 1.3830137E7 4.2682082E7 
67 0.0: 178655.0 52588.0 640.0 5745964.0 4052630.0 693180.0 140295.0 8.6733898E7 1129790.0 1.3830137E7 4.2682082E7 
68 0.0: 178655.0 52588.0 640.0 5745964.0 4052630.0 693180.0 140295.0 8.6733898E7 1129790.0 1.3830137E7 4.2682082E7 
69 0.0: 178655.0 52588.0 640.0 5745964.0 4052630.0 693180.0 140295.0 8.6733898E7 1129790.0 1.3830137E7 4.2682082E7 
70 0.0: 178655.0 52588.0 640.0 5745964.0 4052630.0 693180.0 140295.0 8.6733898E7 1129790.0 1.3830137E7 4.2682082E7 
71 0.0: 178655.0 52588.0 640.0 5745964.0 4052630.0 693180.0 140295.0 8.6733898E7 1129790.0 1.3830137E7 4.2682082E7 
72 0.0: 178655.0 52588.0 640.0 5745964.0 4052630.0 693180.0 140295.0 8.6733898E7 1129790.0 1.3830137E7 4.2682082E7 
73 0.0: 178655.0 52588.0 640.0 5745964.0 4052630.0 693180.0 140295.0 8.6733898E7 1129790.0 1.3830137E7 4.2682082E7 
74 0.0: 178655.0 52588.0 640.0 5745964.0 4052630.0 693180.0 140295.0 8.6733898E7 1129790.0 1.3830137E7 4.2682082E7 
75 0.0: 178655.0 52588.0 640.0 5745964.0 4052630.0 693180.0 140295.0 8.392056E7 1129790.0 1.3830137E7 4.2682082E7 
76 0.0: 178655.0 52588.0 640.0 5745964.0 4052630.0 693180.0 140295.0 8.3829134E7 1129790.0 1.3830137E7 4.2682082E7 
77 0.0: 178655.0 52588.0 640.0 5745964.0 4052630.0 693180.0 140295.0 8.3829134E7 1129790.0 1.3830137E7 4.2682082E7 
78 0.0: 178655.0 52588.0 640.0 5745964.0 4052630.0 693180.0 140295.0 8.3829134E7 1129790.0 1.3830137E7 4.2682082E7 
79 0.0: 178655.0 52588.0 640.0 5745964.0 4052630.0 693180.0 140295.0 8.3138595E7 1129790.0 1.3830137E7 4.2682082E7 
80 0.0: 178655.0 52588.0 640.0 5745964.0 4052630.0 693180.0 140295.0 8.2853557E7 1129790.0 1.3830137E7 4.2682082E7 
81 0.0: 178655.0 52588.0 640.0 5745964.0 4052630.0 693180.0 140295.0 8.2404168E7 1129790.0 1.3830137E7 4.2682082E7 
82 0.0: 178655.0 52588.0 640.0 5745964.0 4052630.0 693180.0 140295.0 8.2404168E7 1129790.0 1.3830137E7 4.2682082E7 
83 0.0: 178655.0 52588.0 640.0 5745964.0 4052630.0 693180.0 140295.0 8.2404168E7 1129790.0 1.3830137E7 4.2682082E7 
84 0.0: 178655.0 52588.0 640.0 5745964.0 4052630.0 693180.0 140295.0 8.2404168E7 1129790.0 1.3830137E7 4.2682082E7 
85 0.0: 178655.0 52588.0 640.0 5745964.0 4052630.0 693180.0 140295.0 8.2404168E7 1129790.0 1.3830137E7 4.2682082E7 
86 0.0: 178655.0 52588.0 640.0 5745964.0 4052630.0 693180.0 140295.0 8.2404168E7 1129790.0 1.3830137E7 4.2682082E7 
87 0.0: 178655.0 52588.0 640.0 5745964.0 4052630.0 693180.0 140295.0 8.2404168E7 1129790.0 1.3830137E7 4.2682082E7 
88 0.0: 178655.0 52588.0 640.0 5745964.0 4052630.0 693180.0 140295.0 8.2404168E7 1129790.0 1.3830137E7 4.2682082E7 
89 0.0: 178655.0 52588.0 640.0 5745964.0 4052630.0 693180.0 140295.0 8.2404168E7 1129790.0 1.3830137E7 4.2682082E7 
90 0.0: 178655.0 52588.0 640.0 5745964.0 4052630.0 693180.0 140295.0 8.2404168E7 1129790.0 1.3830137E7 4.2682082E7 
91 0.0: 178655.0 52588.0 640.0 5745964.0 4052630.0 693180.0 140295.0 8.2404168E7 1129790.0 1.3830137E7 4.2682082E7 
92 0.0: 178655.0 52588.0 640.0 5745964.0 4052630.0 693180.0 140295.0 8.2404168E7 1129790.0 1.3830137E7 4.2682082E7 
93 0.0: 178655.0 52588.0 640.0 5745964.0 4052630.0 693180.0 140295.0 8.2404168E7 1129790.0 1.3830137E7 4.2682082E7 
94 0.0: 178655.0 52588.0 640.0 5745964.0 4052630.0 693180.0 140295.0 8.2404168E7 1129790.0 1.3830137E7 4.2682082E7 
95 0.0: 178655.0 52588.0 640.0 5745964.0 4052630.0 693180.0 140295.0 8.2404168E7 1129790.0 1.3830137E7 4.2682082E7 
96 0.0: 178655.0 52588.0 640.0 5745964.0 4052630.0 693180.0 140295.0 8.2404168E7 1129790.0 1.3830137E7 4.2682082E7 
97 0.0: 178655.0 52588.0 640.0 5745964.0 4052630.0 693180.0 140295.0 8.2404168E7 1129790.0 1.3788977E7 4.2682082E7 
98 0.0: 178655.0 52588.0 640.0 5745964.0 4052630.0 693180.0 140295.0 8.2404168E7 1129790.0 1.3756871E7 4.2682082E7 
99 0.0: 178655.0 52588.0 640.0 5745964.0 4052630.0 693180.0 140295.0 8.2404168E7 1129790.0 1.3756871E7 4.2682082E7 
100 0.0: 178403.0 52462.0 640.0 5745964.0 4052630.0 693180.0 140295.0 8.2404168E7 1129790.0 1.3756871E7 4.2682082E7 
101 0.0: 178403.0 52462.0 640.0 5745964.0 4052630.0 693180.0 140295.0 8.2404168E7 1129790.0 1.3756871E7 4.2682082E7 
102 0.0: 178403.0 52462.0 640.0 5745964.0 4052630.0 693180.0 140295.0 8.2404168E7 1129790.0 1.3756871E7 4.2682082E7 
103 0.0: 178403.0 52462.0 640.0 5745964.0 4052630.0 693180.0 140295.0 8.2404168E7 1129790.0 1.3756871E7 4.2682082E7 
104 0.0: 178403.0 52462.0 640.0 5745964.0 4052630.0 693180.0 140295.0 8.2404168E7 1129790.0 1.3756871E7 4.2682082E7 
105 0.0: 178403.0 52462.0 640.0 5745964.0 4052630.0 693180.0 140295.0 8.2404168E7 1129790.0 1.3756871E7 4.2682082E7 
106 0.0: 178403.0 52462.0 640.0 5745964.0 4052630.0 693180.0 140295.0 8.2404168E7 1129790.0 1.3756871E7 4.2682082E7 
107 0.0: 178403.0 52462.0 640.0 5745964.0 4052630.0 693180.0 140295.0 8.2404168E7 1129790.0 1.3756871E7 4.2682082E7 
108 0.0: 178403.0 52462.0 640.0 5745964.0 4052630.0 693180.0 140295.0 8.2404168E7 1129790.0 1.3756871E7 4.2682082E7 
109 0.0: 178403.0 52462.0 640.0 5745964.0 4052630.0 693180.0 140295.0 8.2404168E7 1129790.0 1.3756871E7 4.2682082E7 
110 0.0: 178403.0 52462.0 640.0 5745964.0 4052630.0 693180.0 140295.0 8.2404168E7 1129790.0 1.3756871E7 4.2682082E7 
111 0.0: 178403.0 52462.0 640.0 5745964.0 4052630.0 693180.0 140295.0 8.2404168E7 1129790.0 1.3756871E7 4.2682082E7 
112 0.0: 178403.0 52462.0 640.0 5745964.0 4052630.0 693180.0 140295.0 8.2404168E7 1129790.0 1.3756871E7 4.2682082E7 
113 0.0: 178403.0 52462.0 640.0 5745964.0 3786130.0 693180.0 140295.0 8.2404168E7 1129790.0 1.3756871E7 4.2682082E7 
114 0.0: 178403.0 52462.0 640.0 5745964.0 3669830.0 693180.0 140295.0 8.2404168E7 1129790.0 1.3756871E7 4.2682082E7 
115 0.0: 178403.0 52462.0 640.0 5745964.0 3622200.0 693180.0 140295.0 8.2404168E7 1129790.0 1.3756871E7 4.2682082E7 
116 0.0: 178403.0 52462.0 640.0 5745964.0 3622200.0 693180.0 140295.0 8.2404168E7 1129790.0 1.3756871E7 4.2682082E7 
117 0.0: 178403.0 52462.0 640.0 5745964.0 3622200.0 693180.0 140295.0 8.2404168E7 1129790.0 1.3756871E7 4.2682082E7 
118 0.0: 178403.0 52462.0 640.0 5745964.0 3622200.0 693180.0 140295.0 8.2404168E7 1129790.0 1.3756871E7 4.2682082E7 
119 0.0: 178403.0 52462.0 640.0 5745964.0 3622200.0 693180.0 140295.0 8.2404168E7 1129790.0 1.3756871E7 4.2682082E7 
120 0.0: 178403.0 52462.0 640.0 5099384.0 3622200.0 693180.0 140295.0 8.2404168E7 1129790.0 1.3756871E7 4.2682082E7 
121 0.0: 178403.0 52462.0 640.0 5099384.0 3414962.0 693180.0 140295.0 8.2404168E7 1129790.0 1.3756871E7 4.2682082E7 
122 0.0: 178403.0 52462.0 640.0 5099384.0 3395962.0 693180.0 140295.0 8.2404168E7 1129790.0 1.3756871E7 4.2682082E7 
123 0.0: 178403.0 52462.0 640.0 5099384.0 3354362.0 693180.0 140295.0 8.2404168E7 1129790.0 1.3756871E7 4.2682082E7 
124 0.0: 178403.0 52462.0 640.0 5099384.0 3303232.0 693180.0 140295.0 8.2404168E7 1129790.0 1.3756871E7 4.2682082E7 
125 0.0: 178403.0 52462.0 640.0 5099384.0 3297300.0 693180.0 140295.0 8.2404168E7 1129790.0 1.3756871E7 4.2682082E7 
126 0.0: 178403.0 52462.0 640.0 5099384.0 3297300.0 693180.0 140295.0 8.2404168E7 1129790.0 1.3756871E7 4.2682082E7 
127 0.0: 178403.0 52462.0 640.0 5099384.0 3297300.0 693180.0 140295.0 8.2404168E7 1129790.0 1.3756871E7 4.2682082E7 
128 0.0: 178403.0 52462.0 640.0 5099384.0 3297300.0 693180.0 140295.0 8.2404168E7 1129790.0 1.3756871E7 4.2682082E7 
129 0.0: 178403.0 52462.0 640.0 5099384.0 3297300.0 693180.0 140295.0 8.2404168E7 1129790.0 1.3756871E7 4.2682082E7 
130 0.0: 178403.0 52462.0 640.0 5099384.0 3297300.0 693180.0 140295.0 8.2404168E7 1129790.0 1.3756871E7 4.2682082E7 
131 0.0: 178403.0 52462.0 640.0 5099384.0 3297300.0 693180.0 140295.0 8.2404168E7 1129790.0 1.3756871E7 4.2682082E7 
132 0.0: 178403.0 52462.0 640.0 5099384.0 3297300.0 693180.0 140295.0 8.2404168E7 1129790.0 1.3756871E7 4.2682082E7 
133 0.0: 178403.0 52462.0 640.0 5099384.0 3297300.0 693180.0 140295.0 8.2404168E7 1129790.0 1.3756871E7 4.2682082E7 
134 0.0: 178403.0 52462.0 640.0 5099384.0 3297300.0 693180.0 140295.0 8.2404168E7 1129790.0 1.3756871E7 4.2682082E7 
135 0.0: 178403.0 52462.0 640.0 5099384.0 3297300.0 693180.0 140295.0 8.2404168E7 1129790.0 1.3756871E7 4.2682082E7 
136 0.0: 178403.0 52462.0 640.0 5099384.0 3297300.0 693180.0 140295.0 8.2404168E7 1129790.0 1.3756871E7 4.2682082E7 
137 0.0: 178403.0 52462.0 640.0 5099384.0 3297300.0 693180.0 140295.0 8.2404168E7 1129790.0 1.3756871E7 4.2682082E7 
138 0.0: 178403.0 52462.0 640.0 5099384.0 3297300.0 693180.0 140295.0 8.2404168E7 1129790.0 1.3756871E7 4.2682082E7 
139 0.0: 178403.0 52462.0 640.0 5099384.0 3297300.0 693180.0 140295.0 8.2404168E7 1129790.0 1.3756871E7 4.2682082E7 
140 0.0: 178403.0 52462.0 640.0 5099384.0 3297300.0 693180.0 140295.0 8.2404168E7 1129790.0 1.3756871E7 4.2682082E7 
141 0.0: 178403.0 52462.0 640.0 5099384.0 3297300.0 693180.0 140295.0 8.2404168E7 1129790.0 1.3756871E7 4.2682082E7 
142 0.0: 178403.0 52462.0 640.0 5099384.0 3297300.0 693180.0 140295.0 8.2404168E7 1129790.0 1.3756871E7 4.2682082E7 
143 0.0: 178403.0 52462.0 640.0 5099384.0 3297300.0 693180.0 140295.0 8.2404168E7 1129790.0 1.3756871E7 4.2682082E7 
144 0.0: 178403.0 52462.0 640.0 5099384.0 3297300.0 693180.0 140295.0 8.2404168E7 1129790.0 1.3756871E7 4.2682082E7 
145 0.0: 178403.0 52462.0 640.0 5099384.0 3297300.0 693180.0 140295.0 8.2404168E7 1129790.0 1.3756871E7 4.2682082E7 
Thoi gian chay: 380.716 giay
