0 0.0: 355959.0 74387.0 579.0 7675343.0 8577962.0 709770.0 162282.0 1.66715782E8 1179466.0 2.2445872E7 7.622844E7 
1 0.0: 324737.0 71909.0 534.0 6897065.0 8434826.0 709770.0 142659.0 1.66456817E8 1070563.0 2.2366459E7 7.3318745E7 
2 0.0: 281931.0 70381.0 534.0 6595959.0 8272126.0 709770.0 128637.0 1.65862587E8 999211.0 2.1560415E7 7.3311313E7 
3 0.0: 277945.0 69947.0 534.0 6566891.0 8194654.0 709770.0 128637.0 1.60433501E8 953406.0 2.1329618E7 7.1337587E7 
4 0.0: 274213.0 69410.0 534.0 6566841.0 7322776.0 709770.0 128637.0 1.57233645E8 953406.0 2.1174825E7 6.8129165E7 
5 0.0: 255633.0 61314.0 534.0 6513874.0 7250936.0 709770.0 128637.0 1.56953094E8 953406.0 2.1104747E7 6.8081403E7 
6 0.0: 255633.0 60222.0 534.0 6488272.0 7008088.0 709770.0 128637.0 1.56547711E8 953406.0 2.0653883E7 6.749709E7 
7 0.0: 255633.0 59730.0 534.0 5485714.0 6988944.0 709770.0 128637.0 1.48782832E8 953406.0 2.0151063E7 6.7058522E7 
8 0.0: 255633.0 58899.0 534.0 5343951.0 6292830.0 709770.0 128637.0 1.48429477E8 953406.0 2.0127536E7 6.5265575E7 
9 0.0: 255633.0 58273.0 534.0 5329003.0 6292830.0 709770.0 128637.0 1.43121747E8 953406.0 1.8580682E7 6.3837186E7 
10 0.0: 255633.0 58037.0 534.0 5329003.0 6292830.0 709770.0 128637.0 1.42955061E8 953406.0 1.8568053E7 6.1998448E7 
11 0.0: 255633.0 58037.0 534.0 5329003.0 6292830.0 709770.0 128637.0 1.40843455E8 953406.0 1.8093531E7 6.1347913E7 
12 0.0: 255633.0 58037.0 534.0 5329003.0 6292830.0 709770.0 128637.0 1.4001239E8 953406.0 1.794291E7 6.1195312E7 
13 0.0: 255633.0 58037.0 534.0 5329003.0 6292830.0 709770.0 128637.0 1.37840927E8 953406.0 1.7660477E7 6.0396907E7 
14 0.0: 255633.0 58037.0 534.0 5329003.0 6292830.0 709770.0 128637.0 1.37114439E8 953406.0 1.6418959E7 5.9349851E7 
15 0.0: 255633.0 58037.0 534.0 5329003.0 6292830.0 709770.0 128637.0 1.3708851E8 953406.0 1.6065937E7 5.9197648E7 
16 0.0: 255633.0 58037.0 534.0 5329003.0 6292830.0 709770.0 128637.0 1.24751215E8 953406.0 1.5838462E7 5.7814634E7 
17 0.0: 255633.0 58037.0 534.0 5329003.0 6292830.0 709770.0 128637.0 1.24665216E8 953406.0 1.5020522E7 5.7639228E7 
18 0.0: 255633.0 58037.0 534.0 5329003.0 6292830.0 709770.0 128637.0 1.24336121E8 953406.0 1.3857614E7 5.6381522E7 
19 0.0: 255633.0 58037.0 534.0 5329003.0 6292830.0 709770.0 128637.0 1.20362332E8 953406.0 1.268308E7 5.2096897E7 
20 0.0: 255633.0 58037.0 534.0 5329003.0 6292830.0 709770.0 128637.0 1.20003588E8 953406.0 1.2535836E7 5.1240688E7 
21 0.0: 255633.0 58037.0 534.0 5329003.0 6292830.0 709770.0 128637.0 1.1968376E8 953406.0 1.1927229E7 4.8887782E7 
22 0.0: 255633.0 58037.0 534.0 5329003.0 6292830.0 709770.0 128637.0 1.1837981E8 953406.0 1.1922342E7 4.8363042E7 
23 0.0: 255633.0 58037.0 534.0 5329003.0 6292830.0 709770.0 128637.0 1.1455896E8 953406.0 1.1811279E7 4.8363042E7 
24 0.0: 255633.0 58037.0 534.0 5329003.0 6292830.0 709770.0 128637.0 1.13674677E8 953406.0 1.1510396E7 4.8363042E7 
25 0.0: 255633.0 56718.0 534.0 5329003.0 6292830.0 709770.0 128637.0 1.07427433E8 953406.0 1.1414451E7 4.8363042E7 
26 0.0: 255633.0 55850.0 534.0 5329003.0 6292830.0 709770.0 128637.0 1.07075905E8 953406.0 1.1414451E7 4.8363042E7 
27 0.0: 255633.0 55850.0 534.0 5329003.0 6292830.0 709770.0 128637.0 1.05650168E8 953406.0 1.1414451E7 4.8363042E7 
28 0.0: 255633.0 55850.0 534.0 5329003.0 6292830.0 709770.0 128637.0 1.05105377E8 953406.0 1.1414451E7 4.8363042E7 
29 0.0: 255633.0 55850.0 534.0 5329003.0 6292830.0 709770.0 128637.0 1.05070106E8 953406.0 1.1414451E7 4.8363042E7 
30 0.0: 255633.0 55850.0 534.0 5329003.0 6292830.0 709770.0 128637.0 1.03014426E8 953406.0 1.1414451E7 4.8363042E7 
31 0.0: 255633.0 55850.0 534.0 5329003.0 6292830.0 709770.0 128637.0 1.02827879E8 953406.0 1.1414451E7 4.8363042E7 
32 0.0: 255633.0 55850.0 534.0 5329003.0 6292830.0 709770.0 128637.0 1.00284875E8 953406.0 1.1414451E7 4.8363042E7 
33 0.0: 255633.0 55850.0 534.0 5329003.0 6292830.0 709770.0 128637.0 9.8362417E7 953406.0 1.1414451E7 4.8363042E7 
34 0.0: 255633.0 55850.0 534.0 5329003.0 6292830.0 709770.0 128637.0 9.8094104E7 953406.0 1.1414451E7 4.8363042E7 
35 0.0: 255633.0 55850.0 534.0 5329003.0 6292830.0 709770.0 128637.0 9.7570461E7 953406.0 1.1414451E7 4.8363042E7 
36 0.0: 255633.0 55850.0 534.0 5329003.0 6292830.0 709770.0 128637.0 9.7071826E7 953406.0 1.1414451E7 4.8363042E7 
37 0.0: 255633.0 55850.0 534.0 5329003.0 6292830.0 709770.0 128637.0 9.6786688E7 953406.0 1.1414451E7 4.8363042E7 
38 0.0: 255633.0 55850.0 534.0 5329003.0 6292830.0 709770.0 128637.0 9.6676939E7 953406.0 1.1414451E7 4.8363042E7 
39 0.0: 255633.0 55850.0 534.0 5329003.0 6292830.0 709770.0 128637.0 9.3690142E7 953406.0 1.1414451E7 4.8363042E7 
40 0.0: 255633.0 53908.0 534.0 5329003.0 6292830.0 709770.0 128637.0 9.3277684E7 953406.0 1.1414451E7 4.8363042E7 
41 0.0: 255633.0 53908.0 534.0 5329003.0 6292830.0 709770.0 128637.0 9.0659788E7 953406.0 1.1414451E7 4.8363042E7 
42 0.0: 255103.0 53908.0 534.0 5329003.0 6292830.0 709770.0 128637.0 8.6757534E7 953406.0 1.1414451E7 4.8363042E7 
43 0.0: 255015.0 53908.0 534.0 5329003.0 6292830.0 709770.0 128637.0 8.63635E7 953406.0 1.1414451E7 4.8363042E7 
44 0.0: 252489.0 53908.0 534.0 5329003.0 6292830.0 709770.0 128637.0 8.63635E7 953406.0 1.1414451E7 4.8363042E7 
45 0.0: 234387.0 53908.0 534.0 5329003.0 6292830.0 709770.0 128637.0 8.63635E7 953406.0 1.1414451E7 4.8363042E7 
46 0.0: 234287.0 53908.0 534.0 5329003.0 6292830.0 709770.0 128637.0 8.63635E7 953406.0 1.1414451E7 4.8363042E7 
47 0.0: 228635.0 53908.0 534.0 5329003.0 6292830.0 709770.0 128637.0 8.63635E7 953406.0 1.1414451E7 4.8363042E7 
48 0.0: 222965.0 53908.0 534.0 5329003.0 6292830.0 709770.0 128637.0 8.63635E7 953406.0 1.1414451E7 4.8363042E7 
49 0.0: 221911.0 53908.0 534.0 5329003.0 6292830.0 709770.0 128637.0 8.63635E7 953406.0 1.1414451E7 4.8363042E7 
50 0.0: 219803.0 53908.0 534.0 5329003.0 6292830.0 709770.0 128637.0 8.63635E7 953406.0 1.1414451E7 4.8363042E7 
51 0.0: 215915.0 53908.0 534.0 5329003.0 6292830.0 709770.0 128637.0 8.63635E7 953406.0 1.1414451E7 4.8363042E7 
52 0.0: 207605.0 53908.0 534.0 5329003.0 6292830.0 709770.0 128637.0 8.63635E7 953406.0 1.1414451E7 4.8363042E7 
53 0.0: 202923.0 53908.0 534.0 5329003.0 6292830.0 709770.0 128637.0 8.6136986E7 953406.0 1.1414451E7 4.8363042E7 
54 0.0: 195615.0 53908.0 534.0 5329003.0 6292830.0 709770.0 128637.0 8.4111163E7 953406.0 1.1414451E7 4.8363042E7 
55 0.0: 183983.0 53908.0 534.0 5329003.0 6292830.0 709770.0 128637.0 8.4013743E7 953406.0 1.1414451E7 4.8363042E7 
56 0.0: 183983.0 53908.0 534.0 5329003.0 6292830.0 709770.0 128637.0 8.0651957E7 953406.0 1.1414451E7 4.8363042E7 
57 0.0: 183983.0 53908.0 534.0 5329003.0 6292830.0 709770.0 128637.0 8.0651957E7 953406.0 1.0865876E7 4.8363042E7 
58 0.0: 182583.0 53908.0 534.0 5329003.0 6292830.0 709770.0 128637.0 8.0651957E7 953406.0 1.0642081E7 4.8363042E7 
59 0.0: 182059.0 53908.0 534.0 5329003.0 6292830.0 709770.0 128637.0 8.0651957E7 953406.0 1.0642081E7 4.8363042E7 
60 0.0: 182059.0 53908.0 534.0 5329003.0 6292830.0 709770.0 128637.0 8.0651957E7 953406.0 1.0642081E7 4.8363042E7 
61 0.0: 182059.0 53908.0 534.0 5329003.0 6292830.0 709770.0 128637.0 8.0651957E7 953406.0 1.0642081E7 4.8363042E7 
62 0.0: 182059.0 53908.0 534.0 5329003.0 6292830.0 709770.0 128637.0 8.0651957E7 953406.0 1.0642081E7 4.8363042E7 
63 0.0: 182059.0 53530.0 534.0 5329003.0 6292830.0 709770.0 128637.0 8.0651957E7 953406.0 1.0642081E7 4.8363042E7 
64 0.0: 182059.0 53530.0 534.0 5329003.0 6292830.0 709770.0 128637.0 8.0620802E7 953406.0 1.0642081E7 4.8363042E7 
65 0.0: 182059.0 53530.0 534.0 5329003.0 6292830.0 709770.0 128637.0 8.0609875E7 953406.0 1.0642081E7 4.8363042E7 
66 0.0: 182059.0 53530.0 534.0 5329003.0 6292830.0 709770.0 128637.0 8.0386929E7 953406.0 1.0642081E7 4.8363042E7 
67 0.0: 182059.0 53530.0 534.0 5329003.0 6292830.0 709770.0 128637.0 8.0353117E7 953406.0 1.0642081E7 4.8363042E7 
68 0.0: 182059.0 53530.0 534.0 5329003.0 6292830.0 709770.0 128637.0 8.0026879E7 953406.0 1.0642081E7 4.8363042E7 
69 0.0: 182059.0 53530.0 534.0 5329003.0 6292830.0 709770.0 128637.0 7.996057E7 953406.0 1.0642081E7 4.8363042E7 
70 0.0: 182059.0 53530.0 534.0 5329003.0 6292830.0 709770.0 128637.0 7.9801508E7 953406.0 1.0642081E7 4.8363042E7 
71 0.0: 182059.0 53530.0 534.0 5329003.0 6292830.0 709770.0 128637.0 7.9801508E7 953406.0 1.0642081E7 4.8363042E7 
72 0.0: 182059.0 53530.0 534.0 5329003.0 6292830.0 709770.0 128637.0 7.9801508E7 953406.0 1.0642081E7 4.8079728E7 
73 0.0: 182059.0 53530.0 534.0 5329003.0 6292830.0 709770.0 128637.0 7.9801508E7 953406.0 1.0642081E7 4.8079728E7 
74 0.0: 182059.0 53530.0 534.0 5329003.0 6292830.0 709770.0 128637.0 7.9801508E7 953406.0 1.0642081E7 4.8079728E7 
75 0.0: 182059.0 53530.0 534.0 5329003.0 6292830.0 709770.0 128637.0 7.9801508E7 953406.0 1.0642081E7 4.8079728E7 
76 0.0: 182059.0 53530.0 534.0 5329003.0 6292830.0 709770.0 128637.0 7.9801508E7 953406.0 1.0642081E7 4.8079728E7 
77 0.0: 182059.0 53530.0 534.0 5329003.0 6292830.0 709770.0 128637.0 7.9801508E7 953406.0 1.0642081E7 4.8079728E7 
78 0.0: 182059.0 53530.0 534.0 5329003.0 6292830.0 709770.0 128637.0 7.9801508E7 953406.0 1.0642081E7 4.8079728E7 
79 0.0: 182059.0 53530.0 534.0 5329003.0 6292830.0 709770.0 128637.0 7.9801508E7 953406.0 1.0642081E7 4.8079728E7 
80 0.0: 182059.0 53530.0 534.0 5329003.0 6292830.0 709770.0 128637.0 7.9801508E7 953406.0 1.0642081E7 4.8079728E7 
81 0.0: 182059.0 53530.0 534.0 5329003.0 6292830.0 709770.0 128637.0 7.9801508E7 953406.0 1.0642081E7 4.8079728E7 
82 0.0: 182059.0 53530.0 534.0 5329003.0 6292830.0 709770.0 128637.0 7.9801508E7 953406.0 1.0642081E7 4.8079728E7 
83 0.0: 182059.0 53530.0 534.0 5329003.0 6292830.0 709770.0 128637.0 7.9801508E7 953406.0 1.0642081E7 4.8079728E7 
84 0.0: 182059.0 53530.0 534.0 5329003.0 6292830.0 709770.0 128637.0 7.9801508E7 953406.0 1.0642081E7 4.8079728E7 
85 0.0: 182059.0 53530.0 534.0 5329003.0 6292830.0 709770.0 128637.0 7.9801508E7 953406.0 1.0642081E7 4.8079728E7 
86 0.0: 182059.0 53530.0 534.0 5329003.0 6292830.0 709770.0 128637.0 7.9801508E7 953406.0 1.0642081E7 4.8079728E7 
87 0.0: 182059.0 53530.0 534.0 5329003.0 6292830.0 709770.0 128637.0 7.9801508E7 953406.0 1.0642081E7 4.8079728E7 
88 0.0: 182059.0 53530.0 534.0 5329003.0 6292830.0 709770.0 128637.0 7.9801508E7 953406.0 1.0642081E7 4.8079728E7 
89 0.0: 182059.0 53530.0 534.0 5329003.0 6292830.0 709770.0 128637.0 7.9801508E7 953406.0 1.0642081E7 4.8079728E7 
90 0.0: 182059.0 53530.0 534.0 5329003.0 6292830.0 709770.0 128637.0 7.9801508E7 953406.0 1.0642081E7 4.8079728E7 
91 0.0: 182059.0 53530.0 534.0 5329003.0 6292830.0 709770.0 128637.0 7.9801508E7 953406.0 1.0642081E7 4.8079728E7 
92 0.0: 182059.0 53530.0 534.0 5329003.0 6292830.0 709770.0 128637.0 7.9801508E7 953406.0 1.0642081E7 4.8079728E7 
93 0.0: 182059.0 53530.0 534.0 5329003.0 6292830.0 709770.0 128637.0 7.9801508E7 953406.0 1.0642081E7 4.8079728E7 
94 0.0: 182059.0 53530.0 534.0 5329003.0 6292830.0 709770.0 128637.0 7.9801508E7 953406.0 1.0642081E7 4.8079728E7 
95 0.0: 182059.0 53530.0 534.0 5329003.0 6292830.0 709770.0 128637.0 7.793892E7 953406.0 1.0642081E7 4.8079728E7 
96 0.0: 182059.0 53530.0 534.0 5329003.0 6292830.0 709770.0 128637.0 7.793892E7 953406.0 1.0642081E7 4.8079728E7 
97 0.0: 182059.0 53530.0 534.0 5329003.0 6292830.0 709770.0 128637.0 7.793892E7 953406.0 1.0642081E7 4.8079728E7 
98 0.0: 182059.0 53530.0 534.0 5329003.0 6292830.0 709770.0 128637.0 7.793892E7 953406.0 1.0642081E7 4.8079728E7 
99 0.0: 182059.0 53530.0 534.0 5329003.0 6292830.0 709770.0 128637.0 7.793892E7 953406.0 1.0642081E7 4.8079728E7 
100 0.0: 182059.0 53530.0 534.0 5329003.0 6292830.0 709770.0 128637.0 7.793892E7 953406.0 1.0642081E7 4.8079728E7 
101 0.0: 182059.0 53530.0 534.0 5329003.0 6292830.0 709770.0 128637.0 7.793892E7 953406.0 1.0642081E7 4.8079728E7 
102 0.0: 182059.0 53530.0 534.0 5329003.0 6292830.0 709770.0 128637.0 7.793892E7 953406.0 1.0642081E7 4.8079728E7 
103 0.0: 182059.0 53530.0 534.0 5329003.0 6292830.0 709770.0 128637.0 7.793892E7 953406.0 1.0642081E7 4.8079728E7 
104 0.0: 182059.0 53530.0 534.0 5329003.0 6292830.0 709770.0 128637.0 7.793892E7 953406.0 1.0642081E7 4.8079728E7 
105 0.0: 182059.0 53530.0 534.0 5329003.0 6292830.0 709770.0 128637.0 7.793892E7 953406.0 1.0642081E7 4.8079728E7 
106 0.0: 182059.0 53530.0 534.0 5329003.0 6292830.0 709770.0 128637.0 7.793892E7 953406.0 1.0642081E7 4.8079728E7 
107 0.0: 182059.0 53530.0 534.0 5329003.0 6292830.0 709770.0 128637.0 7.793892E7 953406.0 1.0642081E7 4.8079728E7 
108 0.0: 182059.0 53530.0 534.0 5329003.0 6292830.0 709770.0 128637.0 7.793892E7 953406.0 1.0642081E7 4.8079728E7 
109 0.0: 182059.0 53530.0 534.0 5329003.0 6292830.0 709770.0 128637.0 7.793892E7 953406.0 1.0642081E7 4.8079728E7 
110 0.0: 182059.0 53530.0 534.0 5329003.0 6292830.0 709770.0 128637.0 7.793892E7 953406.0 1.0642081E7 4.8079728E7 
111 0.0: 182059.0 53530.0 534.0 5329003.0 6292830.0 709770.0 128637.0 7.793892E7 953406.0 1.0642081E7 4.8079728E7 
112 0.0: 182059.0 53530.0 534.0 5329003.0 6292830.0 709770.0 128637.0 7.793892E7 953406.0 1.0642081E7 4.8079728E7 
113 0.0: 182059.0 53530.0 534.0 5329003.0 6292830.0 709770.0 128637.0 7.793892E7 953406.0 1.0642081E7 4.8079728E7 
114 0.0: 182059.0 53530.0 534.0 5329003.0 6292830.0 709770.0 128637.0 7.793892E7 953406.0 1.0642081E7 4.8079728E7 
115 0.0: 182059.0 53530.0 534.0 5329003.0 6292830.0 709770.0 128637.0 7.793892E7 953406.0 1.0642081E7 4.8079728E7 
116 0.0: 182059.0 53530.0 534.0 5329003.0 6292830.0 709770.0 128637.0 7.793892E7 953406.0 1.0642081E7 4.8079728E7 
117 0.0: 182059.0 53530.0 534.0 5329003.0 6292830.0 709770.0 128637.0 7.793892E7 953406.0 1.0642081E7 4.8079728E7 
118 0.0: 182059.0 53530.0 534.0 5329003.0 6292830.0 709770.0 128637.0 7.793892E7 953406.0 1.0642081E7 4.8079728E7 
119 0.0: 182059.0 53530.0 534.0 5329003.0 6292830.0 709770.0 128637.0 7.793892E7 953406.0 1.0642081E7 4.8079728E7 
120 0.0: 182059.0 53530.0 534.0 5329003.0 6292830.0 709770.0 128637.0 7.793892E7 953406.0 1.0642081E7 4.8079728E7 
121 0.0: 182059.0 53530.0 534.0 5329003.0 6292830.0 709770.0 128637.0 7.793892E7 953406.0 1.0642081E7 4.8079728E7 
Thoi gian chay: 404.875 giay
